4.178938363456889249e+01
1.970581593057297809e+01
6.240674553421752258e+00
5.661916068637743216e+00
5.134836040643273591e+00
4.696946407531403800e+00
4.309861756236671226e+00
3.960323215787152407e+00
3.664264769798182275e+00
3.416220130752576800e+00
3.186365654473336750e+00
2.972519622523965399e+00
2.800890434396320572e+00
2.644887491508379984e+00
2.499831072247581609e+00
2.368175940744889019e+00
2.262643669546542391e+00
2.151228020047951439e+00
2.054718902021881899e+00
1.971232011895574177e+00
1.888648569076385675e+00
1.818454338488808109e+00
1.743755449745368447e+00
1.689858205547268843e+00
1.632346138779233957e+00
1.574597598435329759e+00
1.523639817927904483e+00
1.477935505904923508e+00
1.431702701677389111e+00
1.393173376983978251e+00
1.352448897136488304e+00
1.320628935071551657e+00
1.288161999843610239e+00
1.253827376847461261e+00
1.229102510154841843e+00
1.193572248189880725e+00
1.171527197919107310e+00
1.138652285768578798e+00
1.115861905210389082e+00
1.094817012119385868e+00
1.077520770283945550e+00
1.055860041113159786e+00
1.032941933571746018e+00
1.016687171061241735e+00
9.920706314135449011e-01
9.789888524628221900e-01
9.620075557502738572e-01
9.442866936318605742e-01
9.315433571349543973e-01
9.149502727207343700e-01
9.001310302236555927e-01
8.858594578778681283e-01
8.753341708102186924e-01
8.602039846207016893e-01
8.501228367336162162e-01
8.326634630040530283e-01
8.267039759236808338e-01
8.153517085597079550e-01
7.986814606670220584e-01
7.952107030707160629e-01
7.849364128094441506e-01
7.743624848019898810e-01
7.665139091726972387e-01
7.559112805491275955e-01
7.473388796929619771e-01
7.370156920634469699e-01
7.317018261720837913e-01
7.206081731219162734e-01
7.155713851048247642e-01
7.078774119710794510e-01
6.971936512779842721e-01
6.877142612803394117e-01
6.858552978354315321e-01
6.828596592122289088e-01
6.693772183892743310e-01
6.629691744082484295e-01
6.592853545556919270e-01
6.550041655356586556e-01
6.473755730451872248e-01
6.401579342470332668e-01
6.321769241045425147e-01
6.266891674329327921e-01
6.226610774642397095e-01
6.177542879444466450e-01
6.132720052459601501e-01
6.092938803525307367e-01
5.981360205657441087e-01
5.968416612691004319e-01
5.933829589968379059e-01
5.838368955742193611e-01
5.830453781262957547e-01
5.769523293378219231e-01
5.721822170176845690e-01
5.675319518531536378e-01
5.633750997817820183e-01
5.592344679571255028e-01
5.561648770256333307e-01
5.530472168851237047e-01
5.511031301502018476e-01
5.427258170058587572e-01
5.406299977232292830e-01
5.361080783206669809e-01
5.340450532855930410e-01
5.258279937000189808e-01
5.262961663826085656e-01
5.227351665074966292e-01
5.157903214247052670e-01
5.155811230845243065e-01
5.101274000812500153e-01
5.050886565928794925e-01
5.092739328922866182e-01
4.994528450190275914e-01
4.956666495806444916e-01
4.939072387691100241e-01
4.929849545119661669e-01
4.874035242078439412e-01
4.864269376380140897e-01
4.848163249391994056e-01
4.809381296246413307e-01
4.778626527586979367e-01
4.763579319696578107e-01
4.718690071061957259e-01
4.680784908662514177e-01
4.646605540818141145e-01
4.647501163257760637e-01
4.600684203001195183e-01
4.583941756971616766e-01
4.551127274432051895e-01
4.518729933463974113e-01
4.484501118534568453e-01
4.478146014006185172e-01
4.471400381781301392e-01
4.419183751441979613e-01
4.400818393800473571e-01
4.362848222856932634e-01
4.353860905477875964e-01
4.351432976213099324e-01
4.301240425180179461e-01
4.278529901913573630e-01
4.243918336044684159e-01
4.275617914603421221e-01
4.225850203604962774e-01
4.203874633804364214e-01
4.180917281804559793e-01
4.162509818856232613e-01
4.133545327712190298e-01
4.115583365739732269e-01
4.088697017029414571e-01
4.059515305197019530e-01
4.064159130958788224e-01
4.027925239659578271e-01
4.012688551366602741e-01
3.984169596090369470e-01
3.981171762960819538e-01
3.973596708782548004e-01
3.928823740460830605e-01
3.914627491393530834e-01
3.926136666815520093e-01
3.875143716674264716e-01
3.885361804769972838e-01
3.855311596704301125e-01
3.804910330422878739e-01
3.801289232064705148e-01
3.797852030782514210e-01
3.767036163387434966e-01
3.747545259701032805e-01
3.745532859927727665e-01
3.709616608497409707e-01
3.704896695313465993e-01
3.703470917168329990e-01
3.665179229784646942e-01
3.672536247306738000e-01
3.646941342205350933e-01
3.611159074669906821e-01
3.599997118722063627e-01
3.586720629536653826e-01
3.564616036007928757e-01
3.572204439481284632e-01
3.529460009003764220e-01
3.519685517944579622e-01
3.537546732310322128e-01
3.520412822928672969e-01
3.480519653638729505e-01
3.460198222553389491e-01
3.453740748493822066e-01
3.449071581447690771e-01
3.435504004241121678e-01
3.422499841860949243e-01
3.413277949766211350e-01
3.400554912314515121e-01
3.360971632037771384e-01
3.368934007319262514e-01
3.369921015631399119e-01
3.356536943432184006e-01
3.309476863374888889e-01
3.306282568079088602e-01
3.289529014212248526e-01
3.273346726893806569e-01
3.270370383686160842e-01
3.250786542735193962e-01
3.250347052996838682e-01
3.227781696122372646e-01
3.213806146325042801e-01
3.192344690635484650e-01
3.178857011631365248e-01
3.165540890957811992e-01
3.170971875937431128e-01
3.133122728743911733e-01
3.134328326988018443e-01
3.120366417913683632e-01
3.095378350451722382e-01
3.096519374168114624e-01
3.053794079157049479e-01
3.051897941308803763e-01
3.065615524452464102e-01
3.044486925226473906e-01
3.047056651752781953e-01
2.996081604009738220e-01
3.037828807876485349e-01
2.991149834269044572e-01
3.005741421385064172e-01
3.020248006796336093e-01
2.971514506683161083e-01
2.958417561729770329e-01
2.968897651658174985e-01
2.945475027776663923e-01
2.949754270674793677e-01
2.899246452775640637e-01
2.915917223587693452e-01
2.891675911994001091e-01
2.898094430908810804e-01
2.888694432321226024e-01
2.861078141218790782e-01
2.853408935771792887e-01
2.836181256109255866e-01
2.842580307691239261e-01
2.819143717286473061e-01
2.796646588135887068e-01
2.814689994219750635e-01
2.779468806691411942e-01
2.787222940678175109e-01
2.768488039350211483e-01
2.780549609666335686e-01
2.739938618120732472e-01
2.758877743195928267e-01
2.724841354951344496e-01
2.733425259090953574e-01
2.724815771160067346e-01
2.704789010263557447e-01
2.698108657981753700e-01
