8.554547303562620719e-01
8.566370022252994820e-01
8.585379476153345291e-01
8.607241292310122693e-01
8.630991140308299503e-01
8.655237891648606130e-01
8.678732126669288505e-01
8.701056567382294826e-01
8.721544076953939850e-01
8.740338424840802256e-01
8.759056373796343387e-01
8.777596880105447141e-01
8.789934128829300919e-01
8.801643436909128981e-01
8.814472622906160959e-01
8.827347015487732040e-01
8.840029629655427046e-01
8.852220257588081509e-01
8.863777863997653883e-01
8.874971217819990210e-01
8.885825264993024719e-01
8.896103843623387464e-01
8.905974874121549423e-01
8.915314766334894170e-01
8.924112057103301687e-01
8.932096596001135591e-01
8.938888505368448589e-01
8.944318025813071671e-01
8.948761247332092106e-01
8.952437736956478931e-01
8.955083029815072981e-01
8.956852641016497252e-01
8.958007210637525253e-01
8.958739102298346468e-01
8.959085346198674138e-01
8.958798316597649247e-01
8.957921768233466642e-01
8.957066082151692310e-01
8.956404260689821983e-01
8.955807661327599423e-01
8.955190498379304032e-01
8.954640854117289495e-01
8.954236244454891747e-01
8.953950890734647672e-01
8.953120978301175592e-01
8.952049266188037979e-01
8.951000885829326625e-01
8.950131675357657635e-01
8.949060000155013572e-01
8.947775294179297623e-01
8.946038797088873284e-01
8.944414186299132208e-01
8.942481595365765479e-01
8.940046107389308938e-01
8.937102406907947438e-01
8.934096627417896785e-01
8.930804944474558527e-01
8.927147365825238712e-01
8.923343234801571766e-01
8.918983915088563030e-01
8.914678583925409461e-01
8.909935049302566412e-01
8.904821337258237435e-01
8.899531145585217740e-01
8.894206568015738945e-01
8.888785498322684386e-01
8.883181081363401566e-01
8.877446309691290338e-01
8.871450636975183324e-01
8.864952472696608909e-01
8.857980807386423017e-01
8.850876649990316869e-01
8.843878445705397606e-01
8.836476059431457308e-01
8.829390392600702242e-01
8.822885534628885917e-01
8.816497462620719316e-01
8.810553116727198875e-01
8.805434672279007779e-01
8.800783157685992952e-01
8.796858012925505843e-01
8.793367575633886934e-01
8.790217148065321284e-01
8.787126945796511768e-01
8.784015243351560587e-01
8.780996954051166759e-01
8.778295463204931481e-01
8.775345002770275071e-01
8.771789590211579446e-01
8.768213231092641946e-01
8.764632104350879027e-01
8.760538210120781821e-01
8.756404545678952989e-01
8.752377560215482966e-01
8.748555042427605954e-01
8.745495138249369527e-01
8.741859693895071004e-01
8.737205376032013415e-01
8.731931982374810941e-01
8.726672070615236754e-01
8.720664715887643803e-01
8.713376039545128737e-01
8.705242687468017770e-01
8.695454042440897702e-01
8.682883782262577066e-01
8.666952626077366606e-01
8.649498814062021035e-01
8.629484051142688461e-01
8.606492225157321707e-01
8.582211440801749136e-01
8.556095630438276256e-01
8.529236108538527095e-01
8.502770634706988684e-01
8.477259831330455908e-01
8.453025666818428929e-01
8.435430973031770030e-01
8.428218529054816166e-01
8.422880893756210519e-01
8.423069346499123533e-01
8.432340099202616512e-01
8.445002665575965795e-01
8.459222088635586223e-01
8.476064461836396724e-01
8.494537585128650869e-01
8.512025511791394550e-01
8.529852105205761870e-01
8.543222537559489460e-01
8.553531854334309736e-01
8.562782277348152116e-01
8.570116388487865056e-01
8.575008740188635459e-01
8.578188301669624760e-01
8.579253646502649211e-01
8.578067323381369791e-01
8.575026994740443387e-01
8.570738735928524754e-01
8.564660929718916904e-01
8.557381886320949427e-01
8.548483169283236371e-01
8.539044628310399343e-01
8.528429646238463446e-01
8.516361672792597259e-01
8.503160889285871216e-01
8.489507778122066251e-01
8.474992429579765174e-01
8.460884058733445512e-01
8.446663733535546559e-01
8.433156341057506111e-01
8.420452610335784627e-01
8.408884570773612621e-01
8.396977763488625568e-01
8.386887338684111404e-01
8.378070996216480104e-01
8.370029833395876695e-01
8.361901026344014110e-01
8.353994294256434916e-01
8.346716047953931517e-01
8.338406513588795255e-01
8.329970815066869427e-01
8.321708865594450444e-01
8.313680240664489407e-01
8.306895000882680291e-01
8.300456966465235009e-01
8.294271219447111321e-01
8.288454821025027508e-01
8.284065322026001876e-01
8.280809215850076788e-01
8.279441893254774198e-01
8.279658361548806189e-01
8.279084011183032166e-01
8.278971515712962859e-01
8.278583797958193324e-01
8.277838030850428463e-01
8.276918516458313668e-01
8.276561189232489735e-01
8.275780628806069794e-01
8.274972358393877236e-01
8.273180696441239101e-01
8.270839685873540015e-01
8.269996180400667196e-01
8.269568083256776392e-01
8.270539854198649676e-01
8.273109375928254794e-01
8.276510878700988894e-01
8.281168807789012209e-01
8.286216526896080792e-01
8.290924441203936235e-01
8.296409346683498720e-01
8.302796084788635067e-01
8.309579996339824248e-01
8.314545047174604075e-01
8.320713784860600537e-01
8.326181670564161141e-01
8.330041055191305110e-01
8.333882718450488225e-01
8.338410872337130852e-01
8.342897072639301470e-01
8.346951754142259983e-01
8.350769595980164217e-01
8.354905191571920797e-01
8.358051536502597578e-01
8.361462391117339132e-01
8.363726258005471648e-01
8.365414338654962867e-01
8.366927223095392829e-01
8.366916692181429749e-01
8.365845142116958844e-01
8.364393869991589847e-01
8.362727740140940558e-01
8.360576681956722878e-01
8.357729907640492062e-01
8.354849657847888134e-01
8.350786479794102268e-01
8.345638800742953833e-01
8.340580943069180186e-01
8.335096150241699808e-01
8.329249032318841728e-01
8.322530947454185313e-01
8.314967456335395912e-01
8.306755152389596608e-01
8.297177453258479662e-01
8.287774440892891059e-01
8.278582998424027783e-01
8.269447746848740399e-01
8.260526979270393921e-01
8.250315227732678558e-01
8.240669052436719877e-01
8.230787033939088726e-01
8.221343997928866054e-01
8.212531094949652166e-01
8.204909826153261587e-01
8.197687439401704079e-01
8.190695291299446845e-01
8.182783742645544089e-01
8.175108027817122869e-01
8.167907856890632701e-01
8.161779674076974356e-01
8.155399815618115111e-01
8.149445317280884504e-01
8.143971915118661808e-01
8.137358605157164471e-01
8.130375721987812554e-01
8.122086511318648006e-01
8.113704422856100607e-01
8.104139040752539325e-01
8.092441396027112432e-01
8.079173203119357494e-01
8.066128271719631426e-01
8.053763701979244072e-01
8.040975931359393147e-01
8.025427582492421497e-01
8.008912823464107156e-01
7.989895028554500067e-01
7.970155868927421006e-01
7.949444572326651581e-01
7.928810580589458201e-01
7.908460820255980295e-01
7.890999141650073545e-01
7.876035376108714292e-01
7.864887956710934214e-01
7.857615899943128923e-01
7.856864435674463243e-01
7.862436863108631657e-01
7.871937796207583160e-01
7.883129329640343741e-01
7.894286327219062205e-01
7.905425019218990101e-01
7.916419145144653058e-01
7.926233053817888230e-01
7.935284273165097435e-01
7.942850464621027395e-01
7.948515066094562487e-01
7.953472496456726049e-01
7.956190905808765423e-01
7.959682192068654460e-01
7.963026014621308324e-01
7.967956655551444722e-01
7.971917460101264341e-01
7.976763789989330666e-01
7.980257396813034143e-01
7.980559650495899771e-01
7.980353967906494983e-01
7.981096033129959633e-01
7.979978482465751588e-01
7.977584308924510204e-01
7.972535479619912158e-01
7.966284759228055012e-01
7.958376328921198395e-01
7.951136715812687772e-01
7.941730921570165913e-01
7.932537456515086349e-01
7.926090968047703189e-01
7.920254972984454023e-01
7.913561847331312959e-01
7.908933846499001108e-01
7.906065323149779056e-01
7.907299093175425009e-01
7.911034772797490566e-01
7.917088238159424307e-01
7.925956917369516574e-01
7.938400684166734278e-01
7.953307937017770612e-01
7.968655099991428514e-01
7.984698974150525874e-01
8.001491642264008108e-01
8.017692738884367731e-01
8.032051967534813430e-01
8.044208809969894958e-01
8.054010662617694383e-01
8.062144470950902697e-01
8.066894503020267670e-01
8.069208316794062030e-01
8.069239936404267732e-01
8.066980215230507012e-01
8.062769939843589251e-01
8.058098151072172755e-01
8.053392554350725652e-01
8.048393071596989801e-01
8.042662793815213984e-01
8.036548677330822565e-01
8.028451326621990347e-01
8.019560812507645631e-01
8.008652428757226938e-01
7.997886301081069682e-01
7.985737034990749716e-01
7.975101900577925562e-01
7.964046042932890757e-01
7.952511546790932417e-01
7.940124347732974153e-01
7.929104345324536895e-01
7.917181286668016904e-01
7.905937413072886555e-01
7.895339961966690856e-01
7.885280854409202345e-01
7.875308989327617359e-01
7.867895952538107585e-01
7.860458863008356056e-01
7.856093242937104426e-01
7.856272013564534751e-01
7.860898938819984583e-01
7.867160114705530338e-01
7.875419777744465666e-01
7.886835212632519188e-01
7.898923455675871397e-01
7.908517348820321979e-01
7.914847621184782911e-01
7.917035410135935258e-01
7.916813809394909196e-01
7.915053295150409340e-01
7.910729221707294423e-01
7.904443595336322348e-01
7.898579407914673167e-01
7.894891894307149993e-01
7.890239463531746322e-01
7.886857371467219657e-01
7.885217380284381683e-01
7.885393946329382064e-01
7.887052477623845981e-01
7.890515751707358749e-01
7.895863473389070908e-01
7.902699696838041410e-01
7.911809973578244337e-01
7.918851881653150571e-01
7.925592015733028406e-01
7.930091363118876302e-01
7.932883997834059286e-01
7.933017515302032141e-01
7.932214129566090843e-01
7.929806206197347329e-01
7.925980215446564170e-01
7.920045972580627147e-01
7.913129279744173239e-01
7.905964600974448864e-01
7.901124651244020303e-01
7.896130611399445609e-01
7.891609771602379197e-01
7.887613870745431299e-01
7.886280850742820592e-01
7.886263031634714871e-01
7.887931602990357893e-01
7.890786767407913516e-01
7.894257210835128324e-01
7.897994964310958155e-01
7.901838333076295351e-01
7.903483640220164697e-01
7.903470398121454910e-01
7.901647553042304706e-01
7.899022248113037881e-01
7.891894846966710508e-01
7.880374218113336271e-01
7.865742197562567428e-01
7.848939557331244821e-01
7.830833067020444016e-01
7.809602548192132732e-01
7.787961203882023398e-01
7.765917067572588595e-01
7.742344482957994600e-01
7.718479310126699078e-01
7.689909634374582081e-01
7.660741404549370470e-01
7.633305886095109738e-01
7.603565161456080634e-01
7.573419365039787410e-01
7.543355587337002843e-01
7.516578194127920831e-01
7.493663213950420010e-01
7.476669994045560541e-01
7.467630718043811733e-01
7.463566667147349953e-01
7.473124839602679481e-01
7.489627470190473035e-01
7.506101962221857216e-01
7.527595831659525949e-01
7.551092953544029651e-01
7.574178245628681028e-01
7.594620024945732961e-01
7.611804918656966956e-01
7.624515902147663837e-01
7.633273223632035531e-01
7.640689235516127109e-01
7.643656108239629265e-01
7.643889763079289024e-01
7.644531788652989546e-01
7.645536798552144964e-01
7.646652321302996880e-01
7.650538132571029770e-01
7.654034241759329893e-01
7.659930035042160634e-01
7.670238121033476908e-01
7.683882254335392403e-01
7.696029043397423219e-01
7.708025605706277927e-01
7.721509445230060331e-01
7.735979696332351274e-01
7.750591246169407089e-01
7.765815402671503165e-01
7.778587662850436901e-01
7.791434208015329821e-01
7.803886578494497739e-01
7.812382071656949201e-01
7.818638692595094586e-01
7.825669085358910593e-01
7.832431474840916286e-01
7.837394300015986248e-01
7.840275735845474436e-01
7.842923390496399083e-01
7.844277105984552856e-01
7.846194048714175695e-01
7.846954787367694806e-01
7.847463515037490511e-01
7.847342288548074807e-01
7.846632801819207748e-01
7.842576414629472970e-01
7.838524765415211260e-01
7.833971483339553510e-01
7.829592613289971803e-01
7.823146104061367012e-01
7.816132961419687275e-01
7.808342547673905454e-01
7.799753272214590138e-01
7.789068393433858928e-01
7.779935203079383355e-01
7.772134166150386214e-01
7.767680618841128481e-01
7.763763882771909097e-01
7.761803650860706894e-01
7.763133419870451579e-01
7.766530716381710997e-01
7.772075362606293281e-01
7.779142090306103707e-01
7.788968835423617509e-01
7.801156924316489105e-01
7.811256627111280437e-01
7.821668290277331570e-01
7.831130375641542907e-01
7.838389070717357576e-01
7.843613236220156049e-01
7.846992964981417407e-01
7.850345937949929631e-01
7.850780185961435675e-01
7.850186497378567330e-01
7.845693438595023883e-01
7.841946066013473216e-01
7.842160543338635437e-01
7.841615135504773626e-01
7.842967759692476282e-01
7.846742959229643377e-01
7.850903333935549400e-01
7.854871649492197738e-01
7.858333659305760666e-01
7.861289238370796628e-01
7.864512124412535998e-01
7.868362887885101964e-01
7.869346201167476407e-01
7.867475849388843034e-01
7.865889030510975211e-01
7.862440078741755878e-01
7.855958273802668979e-01
7.846673069608558482e-01
7.837432047770701571e-01
7.827305671293199874e-01
7.817434253058836990e-01
7.807008127457070179e-01
7.797153099841215296e-01
7.785863704258123574e-01
7.773102922160742834e-01
7.760496896820788804e-01
7.748224300210307947e-01
7.735119503760194970e-01
7.722517702335955914e-01
7.708176129805621724e-01
7.693751547641087818e-01
7.677988591512987515e-01
7.661402438011049032e-01
7.642381087678238316e-01
7.621837181171844389e-01
7.600964872461993815e-01
7.580925889225156311e-01
7.559786307881342093e-01
7.539200887456617428e-01
7.517496031972872306e-01
7.497192732357140788e-01
7.476213278788541583e-01
7.454899527926773795e-01
7.433313412442710266e-01
7.412721550431786710e-01
7.393879389814035363e-01
7.377028281469252269e-01
7.359776958538650771e-01
7.345945679166229203e-01
7.335306033188518926e-01
7.327959989882648628e-01
7.321784845934776742e-01
7.318119827478765105e-01
7.317539039662742661e-01
7.322620936257636659e-01
7.329484243390836928e-01
7.338074795839725217e-01
7.345782192598824256e-01
7.352151254577096173e-01
7.355818323161653627e-01
7.359022565758597256e-01
7.360134258412093233e-01
7.362659639155216817e-01
7.365172537483537507e-01
7.366637225022658608e-01
7.366165258681268702e-01
7.365171474203124902e-01
7.363846093200607790e-01
7.370108982004691667e-01
7.382850893650600987e-01
7.399977884181658805e-01
7.417719589527428381e-01
7.437236411810841386e-01
7.458019818305124948e-01
7.479850781320259712e-01
7.502744762005338908e-01
7.526833038673289566e-01
7.552015185431175670e-01
7.577476201898217800e-01
7.595064986910887717e-01
7.607715924178303224e-01
7.617377810041775499e-01
7.625463404628368691e-01
7.633246777435962471e-01
7.640736557746549140e-01
7.645990498299437554e-01
7.649513735881021681e-01
7.650623281987145585e-01
7.650985880537555239e-01
7.650272595358370564e-01
7.649652261328236946e-01
7.650869482435119773e-01
7.652981043808525508e-01
7.654019577728682355e-01
7.652767731315657240e-01
7.648230067969049584e-01
7.643069413989704852e-01
7.638956135255849933e-01
7.634313500062166469e-01
7.626393241104838516e-01
7.615647553584553586e-01
7.608343856935592120e-01
7.599594128116785585e-01
7.591325589414351649e-01
7.586110809744174288e-01
7.583785217700288461e-01
7.585435357117615851e-01
7.588735531800056000e-01
7.593334116462032712e-01
7.602944277819165819e-01
7.617771287428131144e-01
7.637771551542210657e-01
7.656243776349090924e-01
7.675699657988683811e-01
7.693154781799298458e-01
7.708551868322971456e-01
7.723081932400664984e-01
7.735178080587951088e-01
7.745778506236434824e-01
7.754864646220761548e-01
7.759823944789274730e-01
7.762414854871947378e-01
7.763555350235292751e-01
7.765077056172019487e-01
7.766551843087781126e-01
7.769575548982537994e-01
7.773379313597510443e-01
7.777317414534143936e-01
7.781171562816940890e-01
7.781964347484192634e-01
7.782689645191960270e-01
7.784901932550032377e-01
7.785429102153391678e-01
7.784212615821664016e-01
7.781152975343822442e-01
7.775270583127819046e-01
7.767392968491039218e-01
7.758731932458468039e-01
7.749149255972718198e-01
7.738133847254126119e-01
7.726424954102695253e-01
7.715649159485558073e-01
7.701822443986959810e-01
7.686517235913425949e-01
7.672904985581969761e-01
7.659957946050282018e-01
7.650273735333031899e-01
7.640650233713719430e-01
7.631945392422829766e-01
7.624959434394035229e-01
7.623003655204745321e-01
7.625938859715406526e-01
7.628899774583329796e-01
7.634749070843623864e-01
7.642003803040355869e-01
7.648970434571531474e-01
7.655696283641839628e-01
7.662711235801682452e-01
7.669591682658071230e-01
7.676058266455642043e-01
7.683213668116969375e-01
7.686623064004072248e-01
7.687791968587265323e-01
7.687518322345595623e-01
7.688041287508666777e-01
7.689238420633192073e-01
7.689802365656505101e-01
7.690883039650353581e-01
7.691986691860078773e-01
7.693718155354413168e-01
7.694743907662560112e-01
7.695186995006459973e-01
7.697568328867764320e-01
7.698364400605319791e-01
7.699450502580875710e-01
7.700620301668106293e-01
7.700415904971525949e-01
7.699334843015783747e-01
7.697618584934722286e-01
7.693599460315482252e-01
7.690441589695765634e-01
7.686736526143647108e-01
7.682413076383722839e-01
7.679504077033890708e-01
7.680667427002956238e-01
7.681806926262861879e-01
7.683606876661329688e-01
7.684660828515119668e-01
7.687211595064861180e-01
7.690708591193992083e-01
7.697647339538290501e-01
7.704141466619872647e-01
7.712933789961033959e-01
7.721303293239951682e-01
7.728551404273079628e-01
7.734344307653145956e-01
7.740108883849935451e-01
7.744751330709496173e-01
7.750509825040501344e-01
7.756160410333521327e-01
7.761407440266262503e-01
7.766211885876798116e-01
7.770074362276833124e-01
7.772374771463551602e-01
7.774269931530223277e-01
7.776002989489551043e-01
7.778687193989682891e-01
7.780526715309855623e-01
7.780921393877536785e-01
7.778851768885384210e-01
7.776907956575477288e-01
7.774107315507887694e-01
7.770516957129478541e-01
7.765489690016561530e-01
7.759312319919214884e-01
7.751330655072855569e-01
7.743668513278593180e-01
7.735531887400448614e-01
7.728065435859868826e-01
7.721725370316814274e-01
7.714506142121326793e-01
7.706529684566754135e-01
7.697351823618739930e-01
7.687346243041502936e-01
7.677573230176371055e-01
7.669274483824987110e-01
7.658948391599508243e-01
7.647477690414886675e-01
7.636236622432019949e-01
7.622365089572380459e-01
7.605070206573364411e-01
7.585348498657846772e-01
7.564576387543853198e-01
7.546323547817727073e-01
7.528410589381727691e-01
7.511220042217704451e-01
7.495140290247985781e-01
7.481134082416066589e-01
7.469071010957489820e-01
7.457076002092211109e-01
7.449271646283219805e-01
7.442624822039050070e-01
7.435494283219389322e-01
7.431425179452766372e-01
7.421274121953187475e-01
7.407326262398585826e-01
7.391012016373467164e-01
7.373714436529654748e-01
7.356558771272353470e-01
7.342255495239413676e-01
7.335679635084521033e-01
7.333938868757325924e-01
7.346568077995920820e-01
7.368102364285091799e-01
7.392506932860855029e-01
7.422794329790308732e-01
7.453584139125566388e-01
7.483268137084151395e-01
7.508864446872909326e-01
7.530448153027118341e-01
7.546050450924207675e-01
7.556905481476160480e-01
7.563451603309619964e-01
7.565748207163589534e-01
7.567267739530372239e-01
7.569146322626538748e-01
7.572882503319608993e-01
7.577879186654172816e-01
7.583821805794449533e-01
7.590728879311555710e-01
7.596977657339067935e-01
7.603551969306898695e-01
7.608217092823641448e-01
7.613487711208726250e-01
7.615727349902613463e-01
7.617407414733228244e-01
7.618546550707077092e-01
7.616888082825096218e-01
7.612369106707723709e-01
7.608178550930289052e-01
7.602901566726218974e-01
7.599092229100380402e-01
7.594305984095892637e-01
7.587735527726207074e-01
7.581524543918513048e-01
7.576992084400340222e-01
7.571379241923497094e-01
7.566428738400731158e-01
7.563207881128646282e-01
7.561321221601198239e-01
7.558384028764449925e-01
7.555991589047635903e-01
7.553247676493529683e-01
7.553931939410922780e-01
7.557122276313323894e-01
7.558502624564797934e-01
7.560168594979965739e-01
7.560375388147509979e-01
7.557906580112622175e-01
7.554405475726481134e-01
7.548549780938417220e-01
7.543640919746906759e-01
7.538197730006924724e-01
7.531418755456055214e-01
7.522535600477872064e-01
7.511017966429353043e-01
7.499833547897905017e-01
7.490155325540858167e-01
7.481771683878736257e-01
7.476737091224301412e-01
7.471308467674309117e-01
7.468857681600328258e-01
7.466213634010352429e-01
7.462486816170402770e-01
7.459516209220420357e-01
7.459720843362526166e-01
7.461615024203183122e-01
7.463548884566736374e-01
7.466442765709219165e-01
7.470561233944265078e-01
7.474723487243264408e-01
7.481121571573295936e-01
7.487012228933606073e-01
7.493944403026080447e-01
7.503738225267815309e-01
7.513912558431706801e-01
7.522098286071726703e-01
7.529668999509426808e-01
7.536084735504863241e-01
7.541382358160347854e-01
7.543469036786754067e-01
7.543336169918080092e-01
7.539755228412322596e-01
7.533774059516030741e-01
7.526459317291929185e-01
7.517550521220738302e-01
7.508244954218445955e-01
7.499480999642549328e-01
7.492688178908085694e-01
7.486969822710934919e-01
7.479666284381309982e-01
7.471919005411931103e-01
7.465189770404255798e-01
7.460209972607638740e-01
7.455153658641114900e-01
7.448124615727415021e-01
7.441516707793121022e-01
7.435054882473594029e-01
7.425666513772776200e-01
7.414092115342721945e-01
7.403820550273353396e-01
7.393299914130875283e-01
7.384848715762291071e-01
7.376837618986796796e-01
7.370866715473950448e-01
7.366252723229809174e-01
7.363145296168055465e-01
7.362819725266589455e-01
7.362209094848011226e-01
7.364395366101328388e-01
7.367987596924940874e-01
7.369276608625926483e-01
7.371653907296668029e-01
7.374099801643322349e-01
7.375577733696007110e-01
7.374908629213263733e-01
7.375264103254892678e-01
7.376706354499029672e-01
7.378628723893029262e-01
7.380892773998842804e-01
7.384324817095561100e-01
7.387821189921859322e-01
7.393475597282859191e-01
7.399780616360365215e-01
7.405564330712031129e-01
7.411722920477515908e-01
7.419562047535882554e-01
7.424258974862495419e-01
7.429108908085046981e-01
7.434858740777297026e-01
7.438778205557508016e-01
7.442808928569351057e-01
7.446132909585543302e-01
7.448747733478383592e-01
7.450264450230127400e-01
7.450795824577144399e-01
7.449381360935223295e-01
7.448454479178335808e-01
7.448941116231713178e-01
7.448078062972451896e-01
7.447544989236863922e-01
7.446038083393052842e-01
7.443029448690031691e-01
7.438118988813317012e-01
7.433628121564919145e-01
7.429004043490901044e-01
7.425633945797415203e-01
7.420172888821190416e-01
7.415006255695461013e-01
7.407856435735086231e-01
7.398183230688314405e-01
7.387094040238362247e-01
7.377194233737413009e-01
7.366094460705581159e-01
7.354419044253006632e-01
7.341204040328158653e-01
7.329916342602161849e-01
7.319744456041431535e-01
7.313146886432989602e-01
7.306235646468554057e-01
7.302905967684149013e-01
7.302235116941491189e-01
7.305227292616914836e-01
7.306668878481138441e-01
7.308198349583455711e-01
7.308879995309216504e-01
7.309235176181533289e-01
7.307742378790067495e-01
7.304426060229629591e-01
7.299697163781793119e-01
7.296481496683780987e-01
7.289350405695306234e-01
7.279834147321085913e-01
7.267340108907421881e-01
7.253920631545512920e-01
7.238766195435105688e-01
7.223261424363170979e-01
7.204771387476358591e-01
7.184506870879217022e-01
7.163333983359644330e-01
7.141514085890647845e-01
7.117203177097306543e-01
7.097976068836170382e-01
7.079887348496002319e-01
7.064366856629989977e-01
7.053648838859822856e-01
7.047418657234874040e-01
7.043316160057627728e-01
7.043051103176952710e-01
7.044748906361146812e-01
7.044258449926761312e-01
7.044516185400299113e-01
7.042239607546423308e-01
7.033087777862492285e-01
7.022593765591943482e-01
7.010921840536163963e-01
6.993953974918475369e-01
6.976435881039754205e-01
6.960153345717079443e-01
6.946914398446129013e-01
6.936060743297246534e-01
6.931211071321765615e-01
6.934951719892591404e-01
6.948953374281683359e-01
6.970601250026693396e-01
6.997408074649231757e-01
7.024572355334648410e-01
7.054573835145766525e-01
7.083163416306265114e-01
7.110185799244576055e-01
7.136533657492647453e-01
7.158610578123761892e-01
7.178158590297047947e-01
7.193846902543820088e-01
7.203940676064836124e-01
7.209538351654485311e-01
7.212890016816710936e-01
7.216178113342328615e-01
7.217783584556204390e-01
7.221452271360344621e-01
7.221772957676481086e-01
7.219449789502169201e-01
7.217083347185139219e-01
7.213762036637794139e-01
7.208645267146492897e-01
7.203727174676237688e-01
7.200686641514147945e-01
7.197962730575477863e-01
7.194524326049434038e-01
7.191475658364844259e-01
7.189450497810928598e-01
7.188985463032167011e-01
7.191373162047117740e-01
7.197904854432042310e-01
7.203534612479574051e-01
7.211027564898371267e-01
7.219669113733431232e-01
7.229891523827167710e-01
7.239508074563424378e-01
7.248735073074226154e-01
7.258110985398833481e-01
7.266637336200165720e-01
7.274679586064974890e-01
7.280064888890701580e-01
7.284102999073992502e-01
7.285934372613748211e-01
7.283978458830073777e-01
7.280540759712433863e-01
7.276499478537521437e-01
7.273886357936385494e-01
7.270353241114574372e-01
7.269174195523574467e-01
7.269422950306138054e-01
7.268365433779839790e-01
7.271445067863969713e-01
7.275979477678351515e-01
7.280523195863500829e-01
7.285801979871098233e-01
7.288278290021621419e-01
7.280819135736993353e-01
7.264749732943125426e-01
7.239254274574632442e-01
7.200862376662577891e-01
7.150116309954396288e-01
7.086735305156323106e-01
7.003014250354437920e-01
6.895518213870409641e-01
6.754270377205700004e-01
6.564652621401054766e-01
