8.521363564306689842e-01
8.533575858782843637e-01
8.553045697427047456e-01
8.576366831892843212e-01
8.601501907779453004e-01
8.627034285349675091e-01
8.652276205643733009e-01
8.676298146306471448e-01
8.698857477689901918e-01
8.719968395269200867e-01
8.740440856294944272e-01
8.760575197366465838e-01
8.774148242338795090e-01
8.787085191379692128e-01
8.800681439863597966e-01
8.814208876945044402e-01
8.827455756145450305e-01
8.840049810695826960e-01
8.851889526794967100e-01
8.863084298959382767e-01
8.873662483448460092e-01
8.883688424458198174e-01
8.893274677194927813e-01
8.902142929669984994e-01
8.910431386615516036e-01
8.917813323680953141e-01
8.924006823643644282e-01
8.928845499244861816e-01
8.932647976274412649e-01
8.935897970329835793e-01
8.938162376653726593e-01
8.939776956599295721e-01
8.940786813243482012e-01
8.941436558501251186e-01
8.941730159768646047e-01
8.941570206148742317e-01
8.941131965783060132e-01
8.940782621866137925e-01
8.940625993365972635e-01
8.940379603233276073e-01
8.940085933239921845e-01
8.939730875345607286e-01
8.939417467763044467e-01
8.939160791065310363e-01
8.938411240207322361e-01
8.937493041986321884e-01
8.936325097550594787e-01
8.935096339051525893e-01
8.933599832886902625e-01
8.932049069881589087e-01
8.930249265713748885e-01
8.928437109650261272e-01
8.926488802384663357e-01
8.924061831091145702e-01
8.921148108925122111e-01
8.918130426517237863e-01
8.914719632384290326e-01
8.911193034107820488e-01
8.907454345506392590e-01
8.903289504054162640e-01
8.899233552365939381e-01
8.894741023339615138e-01
8.889789739241490407e-01
8.884501791774384039e-01
8.879203225334918459e-01
8.873810813653152385e-01
8.868293964333257007e-01
8.862760216898845078e-01
8.856946919184286449e-01
8.850652907285859738e-01
8.843939720907015856e-01
8.837030366400989712e-01
8.830140001388299131e-01
8.823039713624085678e-01
8.816333775036644393e-01
8.810159189730880636e-01
8.804105272186297793e-01
8.798540828244033607e-01
8.793775277042835681e-01
8.789456165464708537e-01
8.786010115344397020e-01
8.782905977769319694e-01
8.780036474296595284e-01
8.777234754954552631e-01
8.774497680155783907e-01
8.771797795176640156e-01
8.769268403876820939e-01
8.766336237793359576e-01
8.762737250829616409e-01
8.758936674972729319e-01
8.754890651809096314e-01
8.750093300766156323e-01
8.745211914400973230e-01
8.740596039545756035e-01
8.736052289596371034e-01
8.732047919494081434e-01
8.727540839593249666e-01
8.722085056788855262e-01
8.716068829193662770e-01
8.710248918363183712e-01
8.704007480606201774e-01
8.696750563978742354e-01
8.689204721228529493e-01
8.680045960787815540e-01
8.668066207237562493e-01
8.652760784286438467e-01
8.635959179614448589e-01
8.616592433585893440e-01
8.594448784825122756e-01
8.570935562064082580e-01
8.545398100387481266e-01
8.519071139919973668e-01
8.493271155304249476e-01
8.467963621813415775e-01
8.443882842616428075e-01
8.426377729356880897e-01
8.419219707417461285e-01
8.414088566290028881e-01
8.414394115347035852e-01
8.423776607479069867e-01
8.436692348502408123e-01
8.451256297075132595e-01
8.468284111940336256e-01
8.486629668632768020e-01
8.504195160795949837e-01
8.522113462367620906e-01
8.535631259148945826e-01
8.546046123545634199e-01
8.555421017912057113e-01
8.562856869492675438e-01
8.567880124858803237e-01
8.571173254403197106e-01
8.572199923775686292e-01
8.571108240872477024e-01
8.568275749959582965e-01
8.564179859102434289e-01
8.558345376412405114e-01
8.551137474082928236e-01
8.542534417070209996e-01
8.533116406112888352e-01
8.522904366412098476e-01
8.511143742104700927e-01
8.498295824442312352e-01
8.485142403663404886e-01
8.470804637518278835e-01
8.456745461053495339e-01
8.442498146078604160e-01
8.428824225944475668e-01
8.416055732541609657e-01
8.404206050809335249e-01
8.392416409242229314e-01
8.382259299879616377e-01
8.373456075738476834e-01
8.365579850478631618e-01
8.357498251321582305e-01
8.349808387587911440e-01
8.342883220075820727e-01
8.335096668098908035e-01
8.327356792770536087e-01
8.320037988440365240e-01
8.313032320942522757e-01
8.307112204432871572e-01
8.301450329376852677e-01
8.296080181822439448e-01
8.290892596353635069e-01
8.287168464869885121e-01
8.284490465774906331e-01
8.283522354931591725e-01
8.284064158823833957e-01
8.283863736002302636e-01
8.283973621475830829e-01
8.283730128533864923e-01
8.283246057846146426e-01
8.282580735415201456e-01
8.282165220761122937e-01
8.281241538555424997e-01
8.280176229791988973e-01
8.278184546318768655e-01
8.275758134766297847e-01
8.274934276895191676e-01
8.274259833000657816e-01
8.274949507272356675e-01
8.277273786898521335e-01
8.280401724915830153e-01
8.284662834758490524e-01
8.289357915468407167e-01
8.293754013865159980e-01
8.299045121207521136e-01
8.305093862637613622e-01
8.311366799085118107e-01
8.315574894452907317e-01
8.321254100448196578e-01
8.326134963899627373e-01
8.329481034589170108e-01
8.332620530001575432e-01
8.336919316023760906e-01
8.341474639178199091e-01
8.345682814871464572e-01
8.349655438626299997e-01
8.354038980423660332e-01
8.357419241958319311e-01
8.361127302602563427e-01
8.363666372272865468e-01
8.365773477384351731e-01
8.367626159097090177e-01
8.368049000758105427e-01
8.367098119612081941e-01
8.365635659974967053e-01
8.363844950371989162e-01
8.361618869633116180e-01
8.358580835111256713e-01
8.355635117041401161e-01
8.351474436881939356e-01
8.346184712243868153e-01
8.341079036515228751e-01
8.335716622210856963e-01
8.330136480774014140e-01
8.323909012371075722e-01
8.316729727568500374e-01
8.309008240630298969e-01
8.299809116155233424e-01
8.290974585873637226e-01
8.282414308124136371e-01
8.274098942685057523e-01
8.266076030279068121e-01
8.256553912755350000e-01
8.247355075776031663e-01
8.237865016387105888e-01
8.228608614021333256e-01
8.220091620605567417e-01
8.212713483967809536e-01
8.205621294298722779e-01
8.198723636631927159e-01
8.190914916818042846e-01
8.183270757553824382e-01
8.176182951099576490e-01
8.170243439071684932e-01
8.164166191463690936e-01
8.158587170537171529e-01
8.153686802630066843e-01
8.147615942907612263e-01
8.141136670038748857e-01
8.133508339428651146e-01
8.126010259639298017e-01
8.117325553769733082e-01
8.106097092490961442e-01
8.093234444204076006e-01
8.080683843189859772e-01
8.068564386827058454e-01
8.056100169762370200e-01
8.040598058389789582e-01
8.024127237762732623e-01
8.005140746533982998e-01
7.985437257399929933e-01
7.964367205224296420e-01
7.943363607945500560e-01
7.923166003875223851e-01
7.905910506239977042e-01
7.891168974532908331e-01
7.880405168247152092e-01
7.873349328235804689e-01
7.872734631225032365e-01
7.878480791172216557e-01
7.888229807265766391e-01
7.899439691753107340e-01
7.911110382117397810e-01
7.922854096815190594e-01
7.934368855730337122e-01
7.944576699897315519e-01
7.954023294033448765e-01
7.961808950763071824e-01
7.967790488467488830e-01
7.973149674770461104e-01
7.976290705938585690e-01
7.980304070198914745e-01
7.984273323730286531e-01
7.989644684621047821e-01
7.993986393589924688e-01
7.999261363868050978e-01
8.003283788997745951e-01
8.004210010228027805e-01
8.004860648481364471e-01
8.006497264373896305e-01
8.005976093354300049e-01
8.004133652892452266e-01
7.999522185815826081e-01
7.993760563894219962e-01
7.986323754435471489e-01
7.979424300900461731e-01
7.970335747840133767e-01
7.961303472255431002e-01
7.955033994587507040e-01
7.949271566865377947e-01
7.942710215215825764e-01
7.938602450325610294e-01
7.936220586455294823e-01
7.937865334530558314e-01
7.941974947717588273e-01
7.948381791269004681e-01
7.957631037705064081e-01
7.970516081896669158e-01
7.985939958978324205e-01
8.001907233541499798e-01
8.018578928253931037e-01
8.035857284554464020e-01
8.052141301144659646e-01
8.066528658091084436e-01
8.079105540249927886e-01
8.089353754187332823e-01
8.097866522039008919e-01
8.103182398054179503e-01
8.105796759255843309e-01
8.106050490380349860e-01
8.103772443856649410e-01
8.099498814742134289e-01
8.094623121805847310e-01
8.089755317322371297e-01
8.084680196986711032e-01
8.078466841264076992e-01
8.071623693285737700e-01
8.062974100210789086e-01
8.053258803626242024e-01
8.041860827903768438e-01
8.030395687768453472e-01
8.017738237437108673e-01
8.006695919997445232e-01
7.995471806339311538e-01
7.983750354879289857e-01
7.971197767511128962e-01
7.960082130467502903e-01
7.948711901174839722e-01
7.937885900997477817e-01
7.927755560054894346e-01
7.917960089087814346e-01
7.908542652807495354e-01
7.901641658751464847e-01
7.894476290308166666e-01
7.890236169647451003e-01
7.890201058845816018e-01
7.894449767103723925e-01
7.900104431140821948e-01
7.907177303645217536e-01
7.917438299196407625e-01
7.928649513475332089e-01
7.937371711504768168e-01
7.942695253453931903e-01
7.944229310790217324e-01
7.943909044199725100e-01
7.941974528029497327e-01
7.937962541366971880e-01
7.932459813473836663e-01
7.927458867327651371e-01
7.924836615886875490e-01
7.920927335189470453e-01
7.918092582970297499e-01
7.917001621390055144e-01
7.917581933741604239e-01
7.919276517350150035e-01
7.922249121296597307e-01
7.927443521325604481e-01
7.934252692919279148e-01
7.943401686922302307e-01
7.950524196823274270e-01
7.957281607979026505e-01
7.961920206222956597e-01
7.964820298616102079e-01
7.965184428251783633e-01
7.964779584925735234e-01
7.962697125876202486e-01
7.959318956576312276e-01
7.953707692259118778e-01
7.946996700304493899e-01
7.939880474246526765e-01
7.934844244870813412e-01
7.929213753675562470e-01
7.924318803565095770e-01
7.920051293644381207e-01
7.918626155348207352e-01
7.918656982443224024e-01
7.920470307015118339e-01
7.923331522772556479e-01
7.926890860127392413e-01
7.930760822874408644e-01
7.934613614343059007e-01
7.936382709030830318e-01
7.937556623525381383e-01
7.936838508585923879e-01
7.935123136873698524e-01
7.928974887277918659e-01
7.918387329883930237e-01
7.904567890561431387e-01
7.888609604257184049e-01
7.871356797376563019e-01
7.850656906884824204e-01
7.829445909749955801e-01
7.807670793261070052e-01
7.783657782352959575e-01
7.759270621473701723e-01
7.730292044198164847e-01
7.700470508889395438e-01
7.672390352839324468e-01
7.642177117622854787e-01
7.611706202404332489e-01
7.581180670789813281e-01
7.554378501925089751e-01
7.531720523002707335e-01
7.515165400251090366e-01
7.506824485190414231e-01
7.503496919326968495e-01
7.513571063115334070e-01
7.530704118566832195e-01
7.547885844236341679e-01
7.569780752354857700e-01
7.593513738680883751e-01
7.616771126796230140e-01
7.637032532482299629e-01
7.654165357259572477e-01
7.666863670161467859e-01
7.675725854071339116e-01
7.683016425792297266e-01
7.686057221152898800e-01
7.686364196939966531e-01
7.686893506018495081e-01
7.687841275298465948e-01
7.689080586528677097e-01
7.693267454516186099e-01
7.697202168373304954e-01
7.703196725060156291e-01
7.713373440539117443e-01
7.726972946060601810e-01
7.739254030075736202e-01
7.751330988905545949e-01
7.764684989823730232e-01
7.778963441296856685e-01
7.793053717879866449e-01
7.807613184884004687e-01
7.819558074122964220e-01
7.831622392716400816e-01
7.843492451998403947e-01
7.851724512455813265e-01
7.857670618630745452e-01
7.864327906295913717e-01
7.870830062480308476e-01
7.876018627646952375e-01
7.879008501751767479e-01
7.882131738090698558e-01
7.884050833714066897e-01
7.886673625879668803e-01
7.888135220447031193e-01
7.889197907352951677e-01
7.889393889289477713e-01
7.888940152617737178e-01
7.885340385764068039e-01
7.881662445434901576e-01
7.876850292079595750e-01
7.872547778063629931e-01
7.865882429453733282e-01
7.858936695327526367e-01
7.851076898545392702e-01
7.842487839992927645e-01
7.832014689110380345e-01
7.823089142998176371e-01
7.815888336335002906e-01
7.812142159012422926e-01
7.808788705703463284e-01
7.807826500605522524e-01
7.810094761475517844e-01
7.814597827367664173e-01
7.821062371242183398e-01
7.828858571993434490e-01
7.839396967466165655e-01
7.852403084528971622e-01
7.863430881474323675e-01
7.874028205277298076e-01
7.883297599977484582e-01
7.890364697204228506e-01
7.895108212843120477e-01
7.897816083906858964e-01
7.900623410863827356e-01
7.900262143821504823e-01
7.899193585260316786e-01
7.894486602319910062e-01
7.890381223730308369e-01
7.890254236340663585e-01
7.889835277856908080e-01
7.891317914076136919e-01
7.895229863192914088e-01
7.899623965636342060e-01
7.903848603546914653e-01
7.907389038307681695e-01
7.910439256051650103e-01
7.913534084874267460e-01
7.916609839337263033e-01
7.916871848251837429e-01
7.914216794735177141e-01
7.912015789762223417e-01
7.908372913606797061e-01
7.901522179882852770e-01
7.892005135456394704e-01
7.882948126404790701e-01
7.873492562558929153e-01
7.864399717001373524e-01
7.854794005572804938e-01
7.846321081771150396e-01
7.836435570973699916e-01
7.824963471269151816e-01
7.813325989476466171e-01
7.801300996405444721e-01
7.788847391976040369e-01
7.777037876902296309e-01
7.763587944500702775e-01
7.749569666523784539e-01
7.734107103283991425e-01
7.717637343876549982e-01
7.698184949511852615e-01
7.677360638012319383e-01
7.656611845478028533e-01
7.636922484795858335e-01
7.616433178648295277e-01
7.596268309358700233e-01
7.574672461766398524e-01
7.554163483562656989e-01
7.533054067777362750e-01
7.511269125882626962e-01
7.489658677802862874e-01
7.469165295985540354e-01
7.450259878390271817e-01
7.432887132953076570e-01
7.415004745878863712e-01
7.400649102396159584e-01
7.389219125500570140e-01
7.381222353414406134e-01
7.374283133378242150e-01
7.370000237453030456e-01
7.369155610304768400e-01
7.373996982440663706e-01
7.380547388561795596e-01
7.388672444941801754e-01
7.395957693457791970e-01
7.401876107618632350e-01
7.405042136993499335e-01
7.407736117200748316e-01
7.408223089621127633e-01
7.410037697269440393e-01
7.412099129522057295e-01
7.413036858225643400e-01
7.411639829928110546e-01
7.409483114872479348e-01
7.407287600747920475e-01
7.412573523439451861e-01
7.424565992244474000e-01
7.440940458816451830e-01
7.458414133876093421e-01
7.477615605634347906e-01
7.498292709977218973e-01
7.519862622458584056e-01
7.542659246507090742e-01
7.567332904907178026e-01
7.593424039028402461e-01
7.619562739020921960e-01
7.637720309098307014e-01
7.650574819105729896e-01
7.660045478549071252e-01
7.667599966569208503e-01
7.674788948475099737e-01
7.681291778451737606e-01
7.685899069348586243e-01
7.688657517999887281e-01
7.689144138131067674e-01
7.688716840187266310e-01
7.687488997347911024e-01
7.686605685902930807e-01
7.687691265332241564e-01
7.689891609254634330e-01
7.691254171647105009e-01
7.690465936349170084e-01
7.686614146696013616e-01
7.681916402484668671e-01
7.678416759424379068e-01
7.674016090767715736e-01
7.666845187594271138e-01
7.657058646967860316e-01
7.650610521339936687e-01
7.642687443450167928e-01
7.635376439397598691e-01
7.630971643924874259e-01
7.629431749033548371e-01
7.631851470810055993e-01
7.636151937087858332e-01
7.642109633087323939e-01
7.653718917818487233e-01
7.670418976262656230e-01
7.692194839961336017e-01
7.712221434100891004e-01
7.733303974865328723e-01
7.752100333938611865e-01
7.768989011083027307e-01
7.785014293412942932e-01
7.798185832275427165e-01
7.809612619294320490e-01
7.818906962954179640e-01
7.823581298652422245e-01
7.825920788677855899e-01
7.826764389539004885e-01
7.827740884019147583e-01
7.828602853975763498e-01
7.830855011171108382e-01
7.834014189746989487e-01
7.837330073321691071e-01
7.840527563893805452e-01
7.840507683201477507e-01
7.840409754049784130e-01
7.841900915422587159e-01
7.841646605151807448e-01
7.840189540059779860e-01
7.837402882682629190e-01
7.831994909156857476e-01
7.824912410228168635e-01
7.817090977832187315e-01
7.808420519358044709e-01
7.798521861202069028e-01
7.787880238763241758e-01
7.778026194244340719e-01
7.764948343873482317e-01
7.750509536586742687e-01
7.737267080683081222e-01
7.724780574705242264e-01
7.715418759606564869e-01
7.706014977767504659e-01
7.697336916163044496e-01
7.690440948153852707e-01
7.688486901657060058e-01
7.691722652412036343e-01
7.695341018401050670e-01
7.701779409006229704e-01
7.709476611005053881e-01
7.716968251561499015e-01
7.724087269968322733e-01
7.731420485727901193e-01
7.738584101798166026e-01
7.745338717293750452e-01
7.752314947971743475e-01
7.755213021253452021e-01
7.755502803675184964e-01
7.754377125338889343e-01
7.754200692923348681e-01
7.754574213876488376e-01
7.754234983842938078e-01
7.754552417996293245e-01
7.754918841219907710e-01
7.755884865913558190e-01
7.756466606952503451e-01
7.756631696740405868e-01
7.758828218269968602e-01
7.759809222818802033e-01
7.760232337470418518e-01
7.760479920077312244e-01
7.759830865875134709e-01
7.758468361959347526e-01
7.756862657863453636e-01
7.753786119649592745e-01
7.751799999238596639e-01
7.748679431358506120e-01
7.744644296256928406e-01
7.741777337003296067e-01
7.742503618607861071e-01
7.743657134141350706e-01
7.745468307428439170e-01
7.746177139783751997e-01
7.747799101460909332e-01
7.749759080454090565e-01
7.754351685662589366e-01
7.757942771286101546e-01
7.764130777763983415e-01
7.770420378909365100e-01
7.775902482236343172e-01
7.780398098106231508e-01
7.785444294381810293e-01
7.789519120332641933e-01
7.794728718982038007e-01
7.800175575336751876e-01
7.805182822232004103e-01
7.810150787777607739e-01
7.814521362224595702e-01
7.816844439648299447e-01
7.818187813702813793e-01
7.819496120675678563e-01
7.821372249509526142e-01
7.822061106855011658e-01
7.821666418635379037e-01
7.818925375945381395e-01
7.815738811522523477e-01
7.812235692890993066e-01
7.808115498980989777e-01
7.802183182949246065e-01
7.795810771159633612e-01
7.788017306876852119e-01
7.780077644692544592e-01
7.771678681641995823e-01
7.764630886055330361e-01
7.758066184787785202e-01
7.750576977743300899e-01
7.743091279693862239e-01
7.734150549818894493e-01
7.724793967260498162e-01
7.715952573342901299e-01
7.708525283870547584e-01
7.698648523013903455e-01
7.688001620056906793e-01
7.677032131394442294e-01
7.662228669829085348e-01
7.643869395714448789e-01
7.623093763457102767e-01
7.600461556060528201e-01
7.580205396060950562e-01
7.559604076121511085e-01
7.539902052171462143e-01
7.521804298959612334e-01
7.506053470931082217e-01
7.492281556810178600e-01
7.478946864171588382e-01
7.470465748199203171e-01
7.463363550271435720e-01
7.455643515035477176e-01
7.451549096907009728e-01
7.441536325370160521e-01
7.428603929551118590e-01
7.413314608040395548e-01
7.396480347955821655e-01
7.379861623867809417e-01
7.366459423598429312e-01
7.360871006812643724e-01
7.359756322172554821e-01
7.372982063813201536e-01
7.395315737707726100e-01
7.420408444169491746e-01
7.451311344785128687e-01
7.482273612652464712e-01
7.512166432838398578e-01
7.538484266623669550e-01
7.560738377033965341e-01
7.576710847285591521e-01
7.587278261052941009e-01
7.593693182620895321e-01
7.596007548761559702e-01
7.597138230388286173e-01
7.598503367621112226e-01
7.601393537489138374e-01
7.605373861515504208e-01
7.610277028714521608e-01
7.615941649511052125e-01
7.621134542326760686e-01
7.626807207785653020e-01
7.630974593455371879e-01
7.635348452911627781e-01
7.636156074347643097e-01
7.636878697775597580e-01
7.637008845036729054e-01
7.634378538186510355e-01
7.629490544882693293e-01
7.624832305768954877e-01
7.619555119629535245e-01
7.615717162910385918e-01
7.610767575284320685e-01
7.604292295858317008e-01
7.598720016360617224e-01
7.595439003413805290e-01
7.591113170989446379e-01
7.587527838595642393e-01
7.585820037736794585e-01
7.585165855008320079e-01
7.583193790090442254e-01
7.581141687664995077e-01
7.578193129350020429e-01
7.578755024023032805e-01
7.582653337837785834e-01
7.584175921308865531e-01
7.585623655097779583e-01
7.585227207788640680e-01
7.582306735795993902e-01
7.578210649872458848e-01
7.572225989815820624e-01
7.567475449791848385e-01
7.562443517102249713e-01
7.556049336934204108e-01
7.547390512139149354e-01
7.536125096592750650e-01
7.525449822535643651e-01
7.516678506374870894e-01
7.509977757970426326e-01
7.506959102836020525e-01
7.503745975130173829e-01
7.502954853378979161e-01
7.501959521560851440e-01
7.500703383960217741e-01
7.500204125297366131e-01
7.501857223671124508e-01
7.504463887614515327e-01
7.506792594484629211e-01
7.509768913145083991e-01
7.513572465430821135e-01
7.517293124044054364e-01
7.523697143273323507e-01
7.528752856481729649e-01
7.534428953912372107e-01
7.542413999715615880e-01
7.550690397091633921e-01
7.557539613816718349e-01
7.564107204674399565e-01
7.569531841526020433e-01
7.573811446413356574e-01
7.574730506651302653e-01
7.573333101459286398e-01
7.568097058840912439e-01
7.561156571761227241e-01
7.553506662013642625e-01
7.544931564335041196e-01
7.535991457558718354e-01
7.527623150968937304e-01
7.521456349638506733e-01
7.516702044832646035e-01
7.510762494225567965e-01
7.504485867826139467e-01
7.499192823081733961e-01
7.495968387447004000e-01
7.492452846004851175e-01
7.486674801068285978e-01
7.480742834896060289e-01
7.474419097288576008e-01
7.465183001625957937e-01
7.453864262569891430e-01
7.444371042874242672e-01
7.434896599973522813e-01
7.427587823677113121e-01
7.421081443038027858e-01
7.415901155350972385e-01
7.411981802690532639e-01
7.410106157866507282e-01
7.410837562077061680e-01
7.411868901286642330e-01
7.416318396236631916e-01
7.422334767320659665e-01
7.425413182172170279e-01
7.429228320716706468e-01
7.432708248949094765e-01
7.434853886102820164e-01
7.435738973926980799e-01
7.437489594374419033e-01
7.439320430955602692e-01
7.441902198370971000e-01
7.444674881011799084e-01
7.448783275174362117e-01
7.452355615550463330e-01
7.457927083793035594e-01
7.463477110575161833e-01
7.468810152644883571e-01
7.474451101711180323e-01
7.481477172317457791e-01
7.486029015100569284e-01
7.491024970173240094e-01
7.496974789895569646e-01
7.501162670525719500e-01
7.504119361910910335e-01
7.506378970111415860e-01
7.508758764139358277e-01
7.510351041559345520e-01
7.511125660212991662e-01
7.509654175790533293e-01
7.507898092519841304e-01
7.507500928473055390e-01
7.505743751902019811e-01
7.504641558191236239e-01
7.502828662744672750e-01
7.499904999725715005e-01
7.495363173815167146e-01
7.490340465225805433e-01
7.485292169100123960e-01
7.481257729242467569e-01
7.476207414238441595e-01
7.472360111619177347e-01
7.467093524069339239e-01
7.459834738612862726e-01
7.451118166177466140e-01
7.442160727503173145e-01
7.433214020968933466e-01
7.423266106691380761e-01
7.412429386188755798e-01
7.403298333795577113e-01
7.395693165842888162e-01
7.390551889658633078e-01
7.384597793917463404e-01
7.381523849330110520e-01
7.380796473579275263e-01
7.383268294555842548e-01
7.385500202828186866e-01
7.386805182400740799e-01
7.387142180504936428e-01
7.386844907482650324e-01
7.384745102233829517e-01
7.379926463497861189e-01
7.373897146809921255e-01
7.369697034591200513e-01
7.361742871508358821e-01
7.351790587999473825e-01
7.338892585929998047e-01
7.324747335657789682e-01
7.309458686001745198e-01
7.294102593005061808e-01
7.276106053166446763e-01
7.256555045983670293e-01
7.237408509329638084e-01
7.217627628317270227e-01
7.194753522052971251e-01
7.177226503366203048e-01
7.161012734407073976e-01
7.147927423782273193e-01
7.139527694068328323e-01
7.134802396978355832e-01
7.130853206669254263e-01
7.130153663293974375e-01
7.130953080453134030e-01
7.128374982321286080e-01
7.126298041005694195e-01
7.121810366603250619e-01
7.110599016364442804e-01
7.097686932794464720e-01
7.082541871181631254e-01
7.062375613719815703e-01
7.041814677400746181e-01
7.023382512548100864e-01
7.008646317037070528e-01
6.997141817108558648e-01
6.992600828599686569e-01
6.997451423070910614e-01
7.012582223672214621e-01
7.035377484704782303e-01
7.063015920119855018e-01
7.090399386200020304e-01
7.120910603933049421e-01
7.150733366171116989e-01
7.178671242456472479e-01
7.205647744096622676e-01
7.228597539402905614e-01
7.249196036753640104e-01
7.265079595843541016e-01
7.276090722124403110e-01
7.283180694027688862e-01
7.287750810487145792e-01
7.293973448082603506e-01
7.299240250167282618e-01
7.305394098926220048e-01
7.308948150353700157e-01
7.310798061800051206e-01
7.312206713976343586e-01
7.312282512741756779e-01
7.311081527068231667e-01
7.310089288577827915e-01
7.309803775966197126e-01
7.309627629740835797e-01
7.307657910696544468e-01
7.304773781603660643e-01
7.303734508162346151e-01
7.302751497954731441e-01
7.302701486810003750e-01
7.306579547689611154e-01
7.309855439792867227e-01
7.314349489365208346e-01
7.319067554828918576e-01
7.325766362130210485e-01
7.332207658273364181e-01
7.338061296006926915e-01
7.343962664640744098e-01
7.349112728550722951e-01
7.354569568125202128e-01
7.358894257015852203e-01
7.361759495249473595e-01
7.362742225476247571e-01
7.360483345041236580e-01
7.357262086297653436e-01
7.353048728340959572e-01
7.350658238142321332e-01
7.347866456801972479e-01
7.346885395630133875e-01
7.347242679083084704e-01
7.345816908049410676e-01
7.347323946078339052e-01
7.349548227370865661e-01
7.351031883513999832e-01
7.354080036090155925e-01
7.354983115040978348e-01
7.346198934225366406e-01
7.328109986033513046e-01
7.300169281184822889e-01
7.259236688142823857e-01
7.206187816721942863e-01
7.140940794894734545e-01
7.055436310845194514e-01
6.946822743817068213e-01
6.803954982680199270e-01
6.611347946258159247e-01
