8.236519583359087626e-01
8.249950987548199111e-01
8.273386607809163351e-01
8.302833842306653889e-01
8.335829762187537684e-01
8.370697332807945923e-01
8.406006003544602700e-01
8.440722582978406052e-01
8.473895086153543366e-01
8.504934463733455630e-01
8.534080350023202088e-01
8.561147918880825936e-01
8.580239774121716234e-01
8.596727296420633158e-01
8.612113386968407447e-01
8.625851644389974648e-01
8.637859837060736234e-01
8.648145000702022189e-01
8.656811660332188740e-01
8.664294405046532033e-01
8.670877029375705369e-01
8.676738868703774976e-01
8.681838838783900725e-01
8.686001693199673079e-01
8.689438284389604528e-01
8.692003677596815692e-01
8.693606628304938466e-01
8.693879737129430740e-01
8.693162025705660767e-01
8.691676487825028552e-01
8.689179658781909232e-01
8.686008595682590538e-01
8.682247864099955637e-01
8.678470695105265920e-01
8.674299535945694251e-01
8.669467346767469884e-01
8.664333794323436644e-01
8.659087158772277304e-01
8.653839664472952053e-01
8.648580879210534533e-01
8.643408392892388825e-01
8.638170836758333193e-01
8.632858065302126960e-01
8.627583173869175504e-01
8.621664912523591129e-01
8.615614048121339463e-01
8.609637188279689601e-01
8.603457855268684673e-01
8.597263748286746443e-01
8.591129892379637534e-01
8.584617779780019386e-01
8.578291789909435749e-01
8.571596613069929482e-01
8.564474179091720041e-01
8.556891906693854244e-01
8.549300652267182166e-01
8.541420755014742516e-01
8.533274663601363441e-01
8.525196905996759167e-01
8.516595401242919028e-01
8.508007695829039596e-01
8.498992725381994129e-01
8.489555833158524134e-01
8.480031810887151966e-01
8.470554714909666050e-01
8.460945660948309133e-01
8.450767280168581808e-01
8.440273214396661894e-01
8.429390779822023561e-01
8.417626071966262113e-01
8.405366855025353523e-01
8.392758263059959534e-01
8.380372561981899171e-01
8.367541783196124072e-01
8.354941961805478767e-01
8.343272498032624496e-01
8.332156054710917470e-01
8.321952925300057924e-01
8.312578531296126449e-01
8.303243268508710972e-01
8.294788290320179724e-01
8.286697508566663872e-01
8.278832924924054426e-01
8.270686931471326053e-01
8.262792702359500474e-01
8.254864519321480909e-01
8.246542175052016255e-01
8.237681818030393455e-01
8.227932298972282510e-01
8.218145028478629488e-01
8.208726101206156311e-01
8.198946990444805349e-01
8.189307518324810964e-01
8.180150373906340810e-01
8.171223543780775644e-01
8.162615163713250466e-01
8.153768552302447237e-01
8.144166599139760487e-01
8.133701637339466606e-01
8.122849856742289099e-01
8.111180940364344227e-01
8.097982939922204748e-01
8.084178728799275016e-01
8.068867895074426366e-01
8.050607463888079796e-01
8.029293801373977857e-01
8.006812159409049112e-01
7.982131068785031092e-01
7.954672001287983463e-01
7.926067813915105287e-01
7.895846901200924695e-01
7.865577045949113666e-01
7.835965910417926894e-01
7.806940252027455562e-01
7.778700032573980794e-01
7.757031455452888524e-01
7.744969031988435670e-01
7.734476986900054030e-01
7.728731097135818073e-01
7.731344924763577930e-01
7.737349842339126260e-01
7.745162485472903979e-01
7.754935606589006269e-01
7.766128604773949728e-01
7.777022635085840685e-01
7.788695477519135268e-01
7.796386922672789987e-01
7.801663772443191425e-01
7.806727536118638344e-01
7.810165771126698075e-01
7.811933149202284765e-01
7.812207554939167853e-01
7.810467179870659304e-01
7.806631045894492082e-01
7.801199732062837899e-01
7.793879869876425559e-01
7.784527307824642417e-01
7.773474158138509171e-01
7.760187333993378012e-01
7.745882104299854909e-01
7.730700862016987029e-01
7.714419213128779207e-01
7.696636654327988492e-01
7.678544480097809766e-01
7.659243325394542445e-01
7.639872116347017350e-01
7.620452076559960375e-01
7.602179267491629977e-01
7.585096156152013602e-01
7.569298420499581681e-01
7.553676777906729312e-01
7.540485536159375890e-01
7.528306408658155258e-01
7.517392250470618098e-01
7.506633798043425010e-01
7.496273194064573264e-01
7.487177938752886952e-01
7.477761708369777827e-01
7.467787189228511924e-01
7.458490965644519743e-01
7.449656039310871281e-01
7.441263655564518409e-01
7.432756032519068912e-01
7.424261115258906640e-01
7.416026455726825173e-01
7.408862523247866649e-01
7.402693874320802614e-01
7.396948245693512058e-01
7.392517672509408833e-01
7.387956417469287995e-01
7.383453524104733878e-01
7.378022632544821713e-01
7.373051791226272744e-01
7.367580469088799155e-01
7.361895150292205869e-01
7.355289797182232858e-01
7.348720874746960119e-01
7.341313831090577890e-01
7.333944492225094036e-01
7.327663145447237403e-01
7.321197030450571352e-01
7.315506986849196203e-01
7.312126991634532169e-01
7.310168970212894690e-01
7.309895596348822133e-01
7.310160635256339745e-01
7.310348569758583492e-01
7.311339150856318581e-01
7.312562686051431449e-01
7.313453136754107797e-01
7.312541050657530572e-01
7.312866018447744532e-01
7.312753883997197279e-01
7.310109375365929640e-01
7.306523004301080926e-01
7.302925300803466691e-01
7.300665068895684229e-01
7.298667660326095818e-01
7.296372191680514652e-01
7.295406470016561062e-01
7.294469848154190306e-01
7.293217773313337426e-01
7.291094364257669769e-01
7.288570511535825691e-01
7.286081474849402939e-01
7.281792544014897839e-01
7.277215580201966683e-01
7.271177686567084075e-01
7.264543356357536785e-01
7.257023669209472505e-01
7.247912982992429365e-01
7.238851038810413252e-01
7.229411246726288320e-01
7.218834498637929364e-01
7.208040440638932012e-01
7.196106439980818337e-01
7.184596424399272152e-01
7.172721846808717272e-01
7.161160818030941622e-01
7.148946680677952248e-01
7.135816623116609803e-01
7.122856273677067307e-01
7.109027330481895168e-01
7.094914915087379148e-01
7.080858935827304412e-01
7.065704790770593879e-01
7.051912786009053580e-01
7.037787313752981166e-01
7.023346035274055099e-01
7.009614533227943589e-01
6.997038141219823482e-01
6.985921942289294861e-01
6.975686234755574811e-01
6.964953248569983879e-01
6.954874761862522847e-01
6.945931392539327343e-01
6.938258453336775267e-01
6.930592593241974297e-01
6.924351327854826321e-01
6.919026008478760259e-01
6.912380994578566362e-01
6.905299905471621313e-01
6.895692355715762334e-01
6.885054638624977796e-01
6.873305256487955983e-01
6.859371795481548073e-01
6.843797678992641353e-01
6.828065553622804096e-01
6.813155753130341052e-01
6.798094727026618989e-01
6.781087029357475426e-01
6.762876379187334752e-01
6.743018566809261261e-01
6.723300867567756356e-01
6.702740743591136807e-01
6.681848278590372114e-01
6.661723920812341326e-01
6.643305825473985182e-01
6.626825015248778428e-01
6.612263637341478928e-01
6.599310286433910377e-01
6.590741133109253580e-01
6.588024644889196590e-01
6.587764107185960505e-01
6.588689616896377110e-01
6.589607961734280650e-01
6.590590515029643992e-01
6.590066600862081181e-01
6.588775541969753569e-01
6.585640703968672627e-01
6.581635792929130258e-01
6.577832116130727380e-01
6.574017728619628853e-01
6.568673113830868493e-01
6.564344359092816328e-01
6.559852053296665320e-01
6.557641237780372778e-01
6.555607738152896546e-01
6.554640216081563109e-01
6.552437887196073119e-01
6.549486758805842523e-01
6.546241831965603497e-01
6.542479773157579004e-01
6.537550657111325103e-01
6.531986248238492720e-01
6.524172837251507318e-01
6.515671477122650934e-01
6.505120855926056489e-01
6.493682436316722262e-01
6.480414256651525484e-01
6.467240542966700145e-01
6.456842638681246083e-01
6.446428711322875760e-01
6.436354212435196898e-01
6.427867855548148324e-01
6.420451238111209991e-01
6.417307501572966366e-01
6.415640744458669387e-01
6.414940731094908033e-01
6.415960392719324279e-01
6.420128399948015208e-01
6.427577185168583673e-01
6.435347640284861948e-01
6.444499728885677570e-01
6.453820274173874827e-01
6.462438759611294214e-01
6.469400545387099521e-01
6.473972291396925538e-01
6.476870441011315371e-01
6.480208795056201510e-01
6.481453155755944051e-01
6.481086613334052782e-01
6.477568649614335872e-01
6.471381431315610389e-01
6.463168470195946869e-01
6.454660201824584664e-01
6.445544242985505878e-01
6.436663123637738071e-01
6.426925745747213981e-01
6.416832381832240362e-01
6.403964315867989310e-01
6.390242883192658319e-01
6.375413925623237832e-01
6.360895862032593939e-01
6.345909966547262915e-01
6.331967930915978204e-01
6.318544481832267801e-01
6.306012821449511474e-01
6.293410219680185547e-01
6.282055916650858274e-01
6.269737591600716975e-01
6.258074420700114882e-01
6.247649531827839109e-01
6.238628516261846002e-01
6.230797235512617327e-01
6.224779152399088078e-01
6.219069489181915378e-01
6.214999008931498814e-01
6.214030795213286718e-01
6.215668730585229840e-01
6.218020080088217938e-01
6.221814709254234188e-01
6.228077760390536843e-01
6.234258189803132399e-01
6.236628603822313988e-01
6.235230479761874056e-01
6.231366210315093523e-01
6.225523232867986589e-01
6.218643162776691380e-01
6.209772528639885270e-01
6.199720281646962095e-01
6.189795658695782521e-01
6.182207158495753863e-01
6.173202301360027899e-01
6.165619843528759025e-01
6.161145389919375770e-01
6.158702021867368259e-01
6.156979516466625224e-01
6.156105240587873562e-01
6.156417253267550960e-01
6.158158077883417736e-01
6.162902819399656007e-01
6.166851037050742335e-01
6.170682696553909663e-01
6.173100491939172985e-01
6.173351485620572898e-01
6.171415954566066286e-01
6.168569259332711274e-01
6.165380309641425027e-01
6.162275266992507383e-01
6.157177243603338956e-01
6.151690751853217121e-01
6.145698292528761764e-01
6.139463635588939816e-01
6.133132550097074587e-01
6.127088500023578632e-01
6.120984598902626805e-01
6.116027050152007538e-01
6.111981057974509302e-01
6.107378047676351729e-01
6.102310910989368065e-01
6.098090999406166057e-01
6.094367097300547043e-01
6.090041196868080098e-01
6.085198299425199631e-01
6.078656899611578623e-01
6.070729097510353389e-01
6.063216768018202529e-01
6.052762757451873865e-01
6.038379557577835399e-01
6.022338048750693895e-01
6.005847442919033385e-01
5.988760136243064247e-01
5.968838970186095549e-01
5.949919539568122584e-01
5.930836997976371983e-01
5.910585521968129141e-01
5.890441919388940128e-01
5.866424886609529210e-01
5.843017968472004053e-01
5.820636530329238445e-01
5.797778287136359232e-01
5.774523699939468901e-01
5.751832754852589380e-01
5.732115937578545761e-01
5.715352776159187131e-01
5.703695573730922508e-01
5.697866049692210666e-01
5.695242612419582073e-01
5.702855080718153280e-01
5.714265578363462161e-01
5.726567753917183312e-01
5.741021992220904924e-01
5.757174622806870978e-01
5.772043333571712509e-01
5.784867878234790650e-01
5.794931990502982799e-01
5.801815241226769837e-01
5.807342632546713679e-01
5.812710450563903786e-01
5.814912559916745050e-01
5.816407140967295719e-01
5.817292249040975083e-01
5.818835944613885980e-01
5.820705123557133875e-01
5.824966606014533310e-01
5.829409405844968584e-01
5.835592277404806349e-01
5.843213039107417739e-01
5.851796868203664737e-01
5.859030223887331523e-01
5.867517914259100520e-01
5.875805971603456079e-01
5.884589427804420847e-01
5.893291264066858881e-01
5.902275811501715985e-01
5.910357526258290806e-01
5.918218321685749794e-01
5.925984783849933546e-01
5.933279254931355107e-01
5.939641286167192114e-01
5.945899478331548860e-01
5.950380038728479981e-01
5.954687092208874599e-01
5.956910106461671406e-01
5.958943230144357894e-01
5.961000433734433557e-01
5.962073206408978754e-01
5.960757936316696259e-01
5.958853515704874981e-01
5.954882915092885032e-01
5.950614892957433177e-01
5.944655073217471886e-01
5.938855849440431989e-01
5.932616402639740993e-01
5.927668237385673722e-01
5.921656961833533517e-01
5.914995740507759114e-01
5.908914253017542029e-01
5.903301283855030279e-01
5.897586111582998614e-01
5.892782152180348065e-01
5.889508658511671824e-01
5.887986793882036274e-01
5.886555700645796918e-01
5.885091034827273360e-01
5.885120751820009932e-01
5.886392612476171182e-01
5.888236105883623006e-01
5.890276216734088299e-01
5.893237260330185245e-01
5.897437449691691480e-01
5.901232327458052485e-01
5.904632805911365079e-01
5.907451227439748376e-01
5.908842998607892749e-01
5.909138236105494491e-01
5.907168863434197892e-01
5.904739057421860560e-01
5.900065239334506551e-01
5.894622115195783385e-01
5.887313524253230401e-01
5.880148339265289792e-01
5.874562670321962221e-01
5.868437698077622056e-01
5.863339061251823248e-01
5.860212842503266240e-01
5.858791202114793650e-01
5.857688654770658587e-01
5.856906714649026124e-01
5.856450707556276614e-01
5.857822124196221392e-01
5.859287319919908033e-01
5.859289605373041443e-01
5.858729547430864271e-01
5.859055933480523670e-01
5.859290928994425052e-01
5.857914421547847361e-01
5.855626289454811673e-01
5.853089905800237247e-01
5.848493349204343383e-01
5.843701676917822940e-01
5.837787931161869670e-01
5.832863372904589783e-01
5.827472724200885024e-01
5.821342444695222218e-01
5.814376685821287527e-01
5.807033330665503090e-01
5.799613095866583690e-01
5.791429717134800592e-01
5.782464582081594529e-01
5.772960936025820500e-01
5.762506864889130886e-01
5.750442896421644745e-01
5.734851909970846151e-01
5.718461030918853272e-01
5.701912680596205041e-01
5.688062802815262442e-01
5.674501177455065770e-01
5.659809875081576180e-01
5.644138922548985748e-01
5.629303692530063241e-01
5.614195531485034474e-01
5.597434156996735632e-01
5.581850536707650967e-01
5.566834476182169755e-01
5.553052344725859513e-01
5.540301471508695119e-01
5.526153888699490979e-01
5.513419388133866672e-01
5.502978206075267442e-01
5.495692723813001557e-01
5.489766567555270926e-01
5.486547023945170798e-01
5.486334723295629434e-01
5.488889204433251567e-01
5.492324449713732459e-01
5.496955211591919577e-01
5.500390297221302571e-01
5.503021970800164864e-01
5.503994995414978053e-01
5.505268271738313901e-01
5.505422795393293267e-01
5.506027382594534947e-01
5.506782841378842219e-01
5.505806987974835032e-01
5.503774093294699910e-01
5.502763991118614362e-01
5.501648183469307618e-01
5.505840809178044193e-01
5.514128386667551673e-01
5.525616098278819388e-01
5.537372582839414914e-01
5.550159807306500603e-01
5.563631448953865188e-01
5.576924358271821980e-01
5.592220950685489189e-01
5.608594152501303887e-01
5.624601170117149440e-01
5.640667636616498726e-01
5.649735614620015056e-01
5.656254101612588903e-01
5.660053056425330409e-01
5.662545171043928960e-01
5.664344793221971486e-01
5.665498993148683216e-01
5.665501723485609764e-01
5.664488167927153039e-01
5.662718235833575919e-01
5.660775573404346339e-01
5.657194091791489798e-01
5.655833283360144348e-01
5.655894733193468360e-01
5.656524764859970356e-01
5.657775825056872154e-01
5.658502451595744942e-01
5.658504941267016308e-01
5.659559092122048440e-01
5.660866998079053802e-01
5.660642200564587334e-01
5.657556148809017582e-01
5.653833957886202910e-01
5.652858667331489562e-01
5.651268309321867411e-01
5.650232595309213623e-01
5.649529241335954355e-01
5.650499664374087905e-01
5.654177286744562769e-01
5.657724593181373551e-01
5.661601871417488718e-01
5.669381988476432932e-01
5.681442931418876352e-01
5.696768019395790361e-01
5.709763008809098928e-01
5.721680263610295913e-01
5.730580280558558171e-01
5.738030318616401670e-01
5.744797933456556871e-01
5.748684846094511691e-01
5.751613387630477581e-01
5.753812999733420863e-01
5.753333688594826079e-01
5.751375305357918633e-01
5.748773994998910286e-01
5.747199068639958774e-01
5.746066210397265950e-01
5.747667515286494222e-01
5.751590060856383024e-01
5.755469036006626293e-01
5.759381154812536208e-01
5.761799661870845579e-01
5.762978503299256428e-01
5.765017672692274164e-01
5.765798061161515609e-01
5.764811675066152663e-01
5.763075081648123543e-01
5.760116774064591993e-01
5.756154793139558468e-01
5.751895210047212048e-01
5.747874744418305371e-01
5.742341244233525321e-01
5.735856843083855239e-01
5.730172059393484618e-01
5.721513054524227648e-01
5.711099880543198948e-01
5.699781522298070779e-01
5.688423230538637299e-01
5.678841297835101054e-01
5.668647958356647365e-01
5.658214218667458884e-01
5.648499897606200637e-01
5.644982747176378046e-01
5.645613838530808559e-01
5.646601172348048037e-01
5.651024795395502842e-01
5.656679996121156684e-01
5.664159170953807498e-01
5.671304863970465515e-01
5.678957980962252572e-01
5.685199859785311505e-01
5.691074774573448014e-01
5.697314255614778222e-01
5.698756349485555317e-01
5.697757950746822342e-01
5.694786166706704567e-01
5.690194007343047922e-01
5.685656787327573181e-01
5.680201431263764977e-01
5.675333406182617724e-01
5.668827252401432704e-01
5.664583100046162167e-01
5.661071835086529669e-01
5.658432666973779446e-01
5.657585657563016790e-01
5.656869699295684617e-01
5.655569785316167941e-01
5.654658221671932106e-01
5.653616817331073019e-01
5.651235045490801134e-01
5.647612065742146914e-01
5.642604087969467219e-01
5.637570971684600085e-01
5.630387742061263578e-01
5.621221699084302248e-01
5.612319088176392912e-01
5.604964366686847610e-01
5.598340358565695452e-01
5.591916745430129954e-01
5.584311721682621021e-01
5.579057081857166089e-01
5.574194447814583286e-01
5.572560934802043286e-01
5.569811389682646219e-01
5.569290169674333546e-01
5.570501159405508718e-01
5.570358042734641080e-01
5.571546723752086594e-01
5.573299293336765325e-01
5.576067862017387577e-01
5.579230261552780012e-01
5.581097078344994245e-01
5.583669006757578934e-01
5.586150005427071852e-01
5.588736526585580400e-01
5.588469157288931122e-01
5.585447096743114681e-01
5.582984973458821054e-01
5.578648875090229664e-01
5.572610204583554605e-01
5.564004762756715738e-01
5.553701294228298169e-01
5.543591221433213923e-01
5.531761316648617921e-01
5.520319415204012481e-01
5.506887310226593613e-01
5.493437124402889005e-01
5.480640048345107873e-01
5.468365242895835143e-01
5.457247578793170684e-01
5.448505247523469652e-01
5.440346320097650956e-01
5.433463486936549458e-01
5.426355038304686573e-01
5.418657732933565008e-01
5.410092138174675824e-01
5.401098303833816727e-01
5.393400063467927996e-01
5.383255375408245724e-01
5.372002305522192156e-01
5.361035691419914206e-01
5.346530914367001452e-01
5.330106646629153566e-01
5.311003666355872399e-01
5.291847672744733888e-01
5.273556219442653292e-01
5.254388575251519589e-01
5.236930132607263699e-01
5.220248452082546509e-01
5.205688332171561905e-01
5.193042455051233297e-01
5.181109165179620391e-01
5.172527448787681559e-01
5.163206820346730730e-01
5.153694996470572498e-01
5.147201459032204607e-01
5.136963593741299405e-01
5.125228831641023275e-01
5.110761781111302637e-01
5.096436175589059703e-01
5.081576502136708751e-01
5.066201388800520844e-01
5.055883682918941302e-01
5.048934537002276457e-01
5.052723405432273385e-01
5.062871988654001898e-01
5.073248821880185222e-01
5.087753270900295943e-01
5.101812766603167626e-01
5.116219155013056463e-01
5.128260853657896634e-01
5.136624982004569517e-01
5.143950304325773937e-01
5.147341348414957718e-01
5.149397900530851002e-01
5.148437012372649724e-01
5.145733723705996354e-01
5.145428108342732232e-01
5.146994077883044749e-01
5.149083326741572542e-01
5.150425645869085578e-01
5.151006618719016217e-01
5.152071019569441912e-01
5.151775453580543784e-01
5.150337002767381156e-01
5.147730511436682255e-01
5.142510659064744027e-01
5.137979907966625515e-01
5.131212169794916456e-01
5.122521722900030827e-01
5.111976691029507247e-01
5.101785888224992238e-01
5.093445430229189830e-01
5.086577970037278185e-01
5.078304708362672004e-01
5.068948292300677894e-01
5.060671069575100045e-01
5.055000644441171032e-01
5.049341138227568804e-01
5.044643720028056944e-01
5.041484111247704902e-01
5.038848993212364791e-01
5.036712527191038458e-01
5.034052472107833909e-01
5.030796275205394741e-01
5.028831120053517401e-01
5.028373280079888596e-01
5.027792315009858015e-01
5.026861584762729596e-01
5.023950524540397033e-01
5.019441043357278920e-01
5.014460710654908837e-01
5.009705701370644748e-01
5.003159938712163912e-01
4.994217403031690483e-01
4.985687110655311893e-01
4.976268647246714916e-01
4.966426449560248368e-01
4.955260799729731547e-01
4.945165004097549777e-01
4.935474857727385478e-01
4.925708686339165254e-01
4.914683983397331590e-01
4.904032129517794658e-01
4.894868866413099595e-01
4.885997275023216124e-01
4.876960720475071454e-01
4.870181137540350869e-01
4.863407625760389763e-01
4.856793158389405285e-01
4.849660270302394438e-01
4.841370725219547033e-01
4.835170174326751669e-01
4.831435695150057552e-01
4.829661229955869994e-01
4.827810992236918897e-01
4.828808333066814673e-01
4.830768248278730082e-01
4.830312633530556288e-01
4.828890381967322343e-01
4.827755706032737515e-01
4.824961325712598392e-01
4.820624522088727826e-01
4.813429805805032324e-01
4.800810399976894183e-01
4.783523606402318440e-01
4.763925334950173118e-01
4.744593711835215499e-01
4.724981233625709098e-01
4.707909831970518710e-01
4.692891290223206169e-01
4.677219751149741533e-01
4.661832107826412996e-01
4.649701950439971143e-01
4.639722242126664287e-01
4.633346461036876307e-01
4.627382768692085979e-01
4.621067345852066244e-01
4.614712581031544802e-01
4.607906990031717109e-01
4.596998976930188885e-01
4.583919768753830781e-01
4.571834700037941679e-01
4.559656887824456439e-01
4.545267561705217951e-01
4.530297298367805814e-01
4.515994508742232627e-01
4.503929563864595420e-01
4.493200126609914191e-01
4.483640076609440861e-01
4.474109401671332309e-01
4.468403966039986575e-01
4.467117499985499562e-01
4.465618296816634136e-01
4.466050313726591114e-01
4.469022110421040916e-01
4.471062528731035157e-01
4.473597483502020911e-01
4.476617672873176579e-01
4.477551526663455239e-01
4.477641166206774992e-01
4.476109628697193532e-01
4.475120053513623186e-01
4.471932128516962757e-01
4.469923108352285013e-01
4.465346560988830427e-01
4.459333360655421963e-01
4.454670556644171886e-01
4.450561642856644684e-01
4.445733532850746905e-01
4.442497801336858232e-01
4.439951295935521958e-01
4.438335462422280941e-01
4.437062542749940497e-01
4.436195596121446649e-01
4.434717161559273424e-01
4.434096827592527434e-01
4.434070428090972071e-01
4.432567513165633355e-01
4.429691137193689787e-01
4.424562239886675186e-01
4.416104383461046945e-01
4.409301249391015531e-01
4.402298434474477551e-01
4.393769017471477745e-01
4.382500244849417692e-01
4.371834700342088209e-01
4.362368352404132898e-01
4.353052726606944089e-01
4.343273046582852293e-01
4.334741422611473882e-01
4.329320156560231836e-01
4.326375193652149953e-01
4.323431474628918192e-01
4.321407874035916863e-01
4.320658647601059998e-01
4.321551049084130236e-01
4.322840127782323627e-01
4.326292698763399280e-01
4.330534830788349554e-01
4.334370790731414402e-01
4.335531437181244230e-01
4.336755266792306496e-01
4.338191658069170398e-01
4.341378616886144015e-01
4.342412611107642206e-01
4.341061423975616229e-01
4.340413047233112054e-01
4.338069353140830420e-01
4.332046043955755654e-01
4.323398631441925377e-01
4.313505265825836599e-01
4.305610435777048606e-01
4.296354245972494601e-01
4.285330913052438073e-01
4.270575635934190650e-01
4.255334063402546052e-01
4.242475755917050617e-01
4.227738466245157256e-01
4.211496823702433057e-01
4.195550241075884368e-01
4.178336155305292232e-01
4.162721566415830687e-01
4.143906317026262998e-01
4.127037819079532599e-01
4.110235350929835607e-01
4.095183054115055787e-01
4.082881735532829515e-01
4.073380319016533524e-01
4.065609047592967373e-01
4.060615386415371009e-01
4.054790414007667376e-01
4.050848842771260783e-01
4.047669615200338855e-01
4.044483192676598948e-01
4.036967759023344926e-01
4.027845829085070495e-01
4.017053028346976862e-01
4.002113226852654915e-01
3.983771283262940721e-01
3.965007411628028722e-01
3.947713557072233814e-01
3.933624740536198483e-01
3.921226700076781424e-01
3.911797965353830953e-01
3.908555992256143585e-01
3.910206862867460220e-01
3.916300325625660661e-01
3.922908661237624051e-01
3.931246240961194238e-01
3.940627292371109980e-01
3.948040613491107798e-01
3.957577823217440227e-01
3.963738465467437910e-01
3.969366934324924934e-01
3.972420827382071029e-01
3.971779147086526018e-01
3.969408166445876907e-01
3.968134849428319733e-01
3.968610663729359445e-01
3.969015498474346426e-01
3.969787427806958369e-01
3.971479571829567567e-01
3.971606948391602221e-01
3.971872178022642363e-01
3.969651575652974329e-01
3.966977278313816302e-01
3.965272751392156514e-01
3.964012899406087476e-01
3.960414105754621050e-01
3.954857416863383213e-01
3.948189752181178180e-01
3.941988797064778782e-01
3.935996588288759312e-01
3.929616109323740836e-01
3.925163157341943765e-01
3.918461133693015852e-01
3.914830830165762499e-01
3.913188310302895268e-01
3.913348819788864952e-01
3.913073193386195636e-01
3.913051836946379036e-01
3.913817315490289994e-01
3.913763024238104959e-01
3.912084888631621182e-01
3.910872163773359000e-01
3.906773892798884873e-01
3.904360196630599633e-01
3.899509021543924314e-01
3.891553366330207098e-01
3.881177931667701420e-01
3.871360544641175849e-01
3.861285267924001730e-01
3.849719359218710113e-01
3.840615837829789991e-01
3.830757760062971640e-01
3.820839855254080653e-01
3.813851094380839024e-01
3.806536056740332241e-01
3.800280647125734990e-01
3.794365549544336802e-01
3.780276216930817390e-01
3.760607179983488368e-01
3.733836018784296717e-01
3.700465452924131537e-01
3.657632881778866141e-01
3.608119988567243253e-01
3.547055151755615920e-01
3.471211654965437043e-01
3.371638852086994431e-01
3.235472698481382525e-01
