8.583963883678890072e-01
8.596174668673326469e-01
8.616085114473976958e-01
8.640042774349910859e-01
8.665892899469059829e-01
8.692194960931571845e-01
8.718152201254191214e-01
8.742886087615509005e-01
8.766134781449173019e-01
8.787820829512025256e-01
8.808728030950595533e-01
8.828981119238492603e-01
8.842743293353050316e-01
8.855539011500299651e-01
8.868792534214003931e-01
8.881785917431987976e-01
8.894259292699105979e-01
8.905939964236022632e-01
8.916721728074418207e-01
8.926724831895698209e-01
8.936051986668139824e-01
8.944688017110660194e-01
8.952782822020669551e-01
8.960053179468862039e-01
8.966752543901514994e-01
8.972534480382778899e-01
8.977182579998507217e-01
8.980508357565399891e-01
8.982790857122961992e-01
8.984456120806977308e-01
8.985156563374043781e-01
8.985160262397070552e-01
8.984669590146429075e-01
8.983890820393329868e-01
8.982753025529787161e-01
8.981095455767299507e-01
8.979095249845396864e-01
8.977175489747418746e-01
8.975410591958826734e-01
8.973627450775469860e-01
8.971925480677699349e-01
8.970253012973052886e-01
8.968720331268432711e-01
8.967155745500045017e-01
8.965065517702592857e-01
8.962855545614651920e-01
8.960478286988585728e-01
8.957968581035017364e-01
8.955272726867060662e-01
8.952523540689968362e-01
8.949504364169166282e-01
8.946403013898892587e-01
8.943016846447710000e-01
8.939092770393138876e-01
8.934777232191016827e-01
8.930432044117954105e-01
8.925609370680506194e-01
8.920642247881619413e-01
8.915595537980826046e-01
8.910059874397296964e-01
8.904772809971003289e-01
8.899150829646004235e-01
8.893056848999986164e-01
8.886813878710356773e-01
8.880566686691788725e-01
8.874228726718128568e-01
8.867567760620438388e-01
8.861034252336911221e-01
8.854245115169279146e-01
8.846835215810275876e-01
8.839043798252776973e-01
8.830836682608026456e-01
8.822467133925333549e-01
8.814083847341057654e-01
8.806005244559161893e-01
8.798681784420243623e-01
8.791537053835501991e-01
8.785052672757313053e-01
8.779184603272625065e-01
8.773643031428041139e-01
8.769083600667862965e-01
8.764776388269287510e-01
8.760626931443106225e-01
8.756657911200168565e-01
8.752680863864746863e-01
8.748915816723751293e-01
8.745152607903151631e-01
8.740999723861631043e-01
8.736315819577934461e-01
8.731658920218875464e-01
8.726852974139691632e-01
8.721340740893731569e-01
8.715830501357880733e-01
8.710790760532381993e-01
8.705836886523835583e-01
8.701467888616857271e-01
8.696358740667577969e-01
8.690252982251872593e-01
8.683536181325545167e-01
8.676793820537925805e-01
8.669358465281132853e-01
8.660700374672234414e-01
8.651686522328779771e-01
8.641185229254076949e-01
8.627656962585338318e-01
8.611008763586992520e-01
8.592821123341847223e-01
8.572222532349365043e-01
8.548944559081915751e-01
8.524415850120699023e-01
8.497883036375029064e-01
8.471014228949940161e-01
8.444933142929098580e-01
8.419482715487383029e-01
8.395265230043308380e-01
8.377890980552709088e-01
8.370845647395674938e-01
8.366003601795369837e-01
8.366597748062105655e-01
8.376182361403442522e-01
8.389209192089960299e-01
8.404083851915856718e-01
8.421197882703632676e-01
8.439609978199886786e-01
8.457291111897980995e-01
8.475243419467315409e-01
8.488682668092281114e-01
8.499019507188985134e-01
8.508246763023786796e-01
8.515548536778646538e-01
8.520470046090483640e-01
8.523956565223679283e-01
8.524919875634539013e-01
8.523695703326525930e-01
8.520993218240408007e-01
8.517021164420849333e-01
8.511287474213596882e-01
8.504253926090415971e-01
8.495816437990058034e-01
8.486733447890260074e-01
8.476965771632989366e-01
8.465750570501351380e-01
8.453106344654782722e-01
8.440343923651600910e-01
8.426559611668670291e-01
8.412805973082506661e-01
8.398962766063119423e-01
8.385732622730763808e-01
8.373375768265473029e-01
8.361572288782358475e-01
8.349842812887443566e-01
8.339769745743942364e-01
8.331010717901071727e-01
8.323346910121535158e-01
8.315625351823593414e-01
8.308431305816011969e-01
8.302212748094784933e-01
8.295091371723951612e-01
8.287922472347306613e-01
8.280897590915524686e-01
8.274393704144300532e-01
8.268776618135089684e-01
8.263187628866571766e-01
8.257682741115343061e-01
8.252273504213452071e-01
8.248158631007711517e-01
8.244963106045630763e-01
8.243542224031917831e-01
8.243661467585275959e-01
8.243300127564937574e-01
8.243616133461787454e-01
8.243468868992099852e-01
8.243116841330773159e-01
8.242759547382532137e-01
8.242837806564392578e-01
8.242360036456314321e-01
8.241969721343376243e-01
8.240797341369200391e-01
8.238953294010922246e-01
8.238344640197132751e-01
8.237709846071198383e-01
8.238025055416696718e-01
8.239847747933167765e-01
8.242422941839810946e-01
8.246149403673885825e-01
8.249879106525388472e-01
8.253256566751309142e-01
8.257174892477543438e-01
8.261756367693938730e-01
8.266501066206043413e-01
8.269707421225794830e-01
8.274441822884777142e-01
8.278637859903865692e-01
8.281255736511404786e-01
8.283532488353696488e-01
8.286784749158655483e-01
8.290424756368747206e-01
8.293959594959277037e-01
8.297219004530317354e-01
8.301058339829027188e-01
8.304144500342329760e-01
8.307327519545587569e-01
8.309163909671719583e-01
8.310694042070544407e-01
8.312216677235679807e-01
8.312635073416150266e-01
8.312188949935492843e-01
8.311392658946096246e-01
8.310091844563345376e-01
8.308535284234538354e-01
8.306440041577326516e-01
8.304295757590380855e-01
8.301244678401136223e-01
8.297706979625403267e-01
8.294176532746014852e-01
8.290185167872163863e-01
8.285384068773010702e-01
8.279638056008171709e-01
8.272910264163706451e-01
8.265590059441974002e-01
8.256577707067350724e-01
8.247542863851062833e-01
8.238355203123443049e-01
8.229177427739842177e-01
8.219756660314183616e-01
8.209051408961487439e-01
8.198881597247258401e-01
8.188793230219468811e-01
8.179035389480164842e-01
8.170293629681282255e-01
8.162691883246079305e-01
8.155879124240866807e-01
8.149442826584766264e-01
8.142560124546527334e-01
8.135796895773947934e-01
8.129738594062987378e-01
8.124802476079211466e-01
8.119834326608330599e-01
8.115531322253755064e-01
8.111926092919095055e-01
8.107696061835643064e-01
8.103370937323846057e-01
8.097722713523614058e-01
8.092183693345890161e-01
8.085381257317768577e-01
8.076294042448641797e-01
8.065839912155088332e-01
8.055496925419589616e-01
8.045302618416402263e-01
8.034935123638340393e-01
8.021496221157675688e-01
8.006377208759192232e-01
7.988530736633624452e-01
7.969692774702613614e-01
7.949556661355448028e-01
7.929365559374883521e-01
7.910122987662604466e-01
7.893555677418734318e-01
7.879643139520140505e-01
7.869495859323599740e-01
7.862592770389368324e-01
7.861787512195601568e-01
7.867245565440527111e-01
7.876683069675921578e-01
7.887758958163633149e-01
7.898743348747184756e-01
7.909517422063545578e-01
7.919036177645593089e-01
7.926961805962615681e-01
7.933306521429691616e-01
7.937944746663312401e-01
7.941260113257796460e-01
7.944274690509840475e-01
7.945432997747740034e-01
7.947430404689583838e-01
7.949266452214265311e-01
7.952852203515246021e-01
7.955990690012558764e-01
7.960929015408603204e-01
7.964861598451791203e-01
7.966344266855880374e-01
7.967567851449778304e-01
7.969268761154935099e-01
7.968923723871956799e-01
7.967140527441269882e-01
7.962780239149177541e-01
7.957412229238033374e-01
7.950346349727129835e-01
7.943526165509300352e-01
7.934256874373570856e-01
7.924889990848279497e-01
7.918490626827560108e-01
7.912155345216607127e-01
7.905579342031329171e-01
7.901375080088088865e-01
7.899120971214067533e-01
7.900642561060724489e-01
7.904607413850184283e-01
7.910249316197811575e-01
7.918236862952933164e-01
7.929985620885043884e-01
7.944354709884481336e-01
7.958685730818580994e-01
7.973998317547937864e-01
7.989277145117854584e-01
8.003353220129325596e-01
8.015598164832083983e-01
8.026116297794703147e-01
8.034340227467543505e-01
8.041055166098171059e-01
8.044679837855871485e-01
8.045249100205462689e-01
8.043914743134467082e-01
8.040417680096256792e-01
8.034944915936285126e-01
8.029010647264702705e-01
8.022933125983701119e-01
8.016757489355729183e-01
8.009275469721391927e-01
8.000984278235531155e-01
7.991024411413557571e-01
7.980128277528917291e-01
7.967520705537394221e-01
7.954312624830714995e-01
7.939868018348140710e-01
7.926826612378838899e-01
7.914050103444344453e-01
7.900618130349920110e-01
7.886401582911342079e-01
7.873702269801257092e-01
7.860820795703173935e-01
7.848421274360681821e-01
7.836481359669560387e-01
7.825425692706003966e-01
7.814964438871704333e-01
7.807350580945187080e-01
7.800133025806929021e-01
7.795621049185208484e-01
7.795692042626931606e-01
7.799997296705397654e-01
7.805874028466135428e-01
7.813375459651513699e-01
7.824205956477995327e-01
7.836068046105791884e-01
7.845313950204541031e-01
7.851359095168960467e-01
7.853816254646434070e-01
7.854599194704868781e-01
7.853858330153973277e-01
7.850874253963849858e-01
7.846362842242915470e-01
7.842382159142685660e-01
7.840549527261287954e-01
7.837179266181636406e-01
7.835074408805930979e-01
7.834620968570679134e-01
7.835802033202545758e-01
7.837638189859963411e-01
7.840928316043032087e-01
7.845875522457824713e-01
7.852568602695653155e-01
7.861326875176040119e-01
7.868039545739430318e-01
7.874412282048971479e-01
7.878392973085441842e-01
7.880575742013269380e-01
7.880545819040289945e-01
7.879147344953141285e-01
7.876350882046133650e-01
7.871608660372227950e-01
7.864782778056573775e-01
7.857089214916570530e-01
7.849463449586063790e-01
7.843314663194091985e-01
7.836899137123772840e-01
7.831857418035851337e-01
7.826902182838039179e-01
7.824245698675215133e-01
7.823552232219672664e-01
7.824540381677019818e-01
7.826775691580832861e-01
7.830139425619820903e-01
7.834446958258644012e-01
7.838663803215232262e-01
7.841440467518909774e-01
7.843240420172185035e-01
7.843150744793088158e-01
7.842759208893430589e-01
7.838498934134441321e-01
7.830241126618537884e-01
7.818525468496282382e-01
7.805077533855985239e-01
7.790317355614487793e-01
7.771453986458803920e-01
7.752729155461098864e-01
7.733255277396802185e-01
7.711706079477110842e-01
7.689712643849175855e-01
7.662113441149546178e-01
7.633245803088053449e-01
7.605560423910641132e-01
7.575903901440432797e-01
7.545312752604299567e-01
7.515350718232913785e-01
7.489179160624633846e-01
7.466703937960547099e-01
7.450564074917733759e-01
7.442595268638042549e-01
7.439139254885636099e-01
7.449898530611368530e-01
7.467165245154435693e-01
7.484537102950288290e-01
7.506581279331570045e-01
7.530533949629359958e-01
7.553137281656189250e-01
7.573148455405046553e-01
7.590826820609165582e-01
7.604412767962728248e-01
7.613907034685741815e-01
7.622130235256273645e-01
7.626012570073344987e-01
7.627707876062295167e-01
7.629185467592225489e-01
7.630653314543515142e-01
7.632856679621250473e-01
7.637191611469804631e-01
7.641184275553338789e-01
7.646659811069853596e-01
7.655437947144506650e-01
7.667355900285883763e-01
7.677872108924634897e-01
7.688206402033432862e-01
7.698342829402106124e-01
7.709191237322586820e-01
7.719413152146022972e-01
7.729366577133247596e-01
7.736968684078674441e-01
7.743822773412112337e-01
7.749851908625734476e-01
7.752863905928619737e-01
7.753567411117368025e-01
7.753859105324930612e-01
7.754048342597029686e-01
7.754395207321137518e-01
7.752742928516773713e-01
7.751273823324150714e-01
7.749037947107677571e-01
7.747757823315915005e-01
7.746307829748565466e-01
7.744881999140845741e-01
7.742672711062246194e-01
7.740190447706585264e-01
7.736235078950169930e-01
7.731972702165010869e-01
7.725879274223471649e-01
7.720192761000319592e-01
7.712278914598178492e-01
7.703276032392136763e-01
7.693693817003446345e-01
7.683314618824423903e-01
7.672127770592688245e-01
7.662732470685982289e-01
7.655094502595471972e-01
7.650352502819648404e-01
7.646025689977327122e-01
7.644066114341585561e-01
7.645354614140942306e-01
7.649111502529418738e-01
7.655036338403201635e-01
7.661751743616495025e-01
7.670599776926869673e-01
7.681202307211639768e-01
7.689890950266985437e-01
7.698258401609134882e-01
7.705598223754083209e-01
7.711054264442541717e-01
7.714485860094438818e-01
7.716274173612125420e-01
7.718298914766500429e-01
7.717670196316918085e-01
7.717192689493683755e-01
7.714073479319237814e-01
7.711384057078976006e-01
7.712148858981630051e-01
7.712358035491377883e-01
7.714106233915207778e-01
7.718297277073430385e-01
7.723391061704379945e-01
7.728193510865601912e-01
7.732439540384226095e-01
7.736352007160719468e-01
7.740060522377311125e-01
7.744639358389240336e-01
7.746887134205689973e-01
7.746867584589708366e-01
7.747582695823613808e-01
7.747149117973518573e-01
7.743570007902252916e-01
7.737324436509935843e-01
7.730634090296698568e-01
7.722441122169317884e-01
7.713816995157567469e-01
7.704669779480067815e-01
7.695940250642997471e-01
7.685746037701588484e-01
7.674603176021406181e-01
7.663066083841333365e-01
7.651210469358360466e-01
7.638873248163100538e-01
7.627455659542794475e-01
7.615548356338407432e-01
7.603832139248462019e-01
7.591065335303647243e-01
7.577481797568521582e-01
7.560136994700659141e-01
7.541085204984815382e-01
7.521559714772737548e-01
7.502904782857914290e-01
7.484369410174642745e-01
7.465746258670744595e-01
7.445617660567257490e-01
7.426185665520945722e-01
7.406163462462097558e-01
7.385310539735899793e-01
7.364822451421770833e-01
7.345944152962496920e-01
7.329166716680560745e-01
7.313944143526379671e-01
7.298915884594694425e-01
7.286024409089967291e-01
7.275812670191132980e-01
7.269157788886877469e-01
7.263729637498945735e-01
7.260769668578994640e-01
7.260525788815442860e-01
7.264454166928671075e-01
7.270216061885956815e-01
7.276994784969261776e-01
7.282837793742403809e-01
7.287403551679253466e-01
7.289228915043310941e-01
7.290537725816130799e-01
7.289155051208696667e-01
7.288302551498385684e-01
7.287394309806687343e-01
7.284938061533773324e-01
7.280449342329654572e-01
7.274718700456075382e-01
7.268864907551297883e-01
7.269608934983498028e-01
7.275660805800019393e-01
7.286040538961402468e-01
7.297890171616158161e-01
7.311825999476426752e-01
7.328129516563748336e-01
7.345989295920855033e-01
7.366324618351687281e-01
7.388933612067917212e-01
7.412987969611966044e-01
7.437219185033328017e-01
7.454420995028349095e-01
7.467601688741192234e-01
7.477909354918816920e-01
7.486088400518835506e-01
7.492966569518219044e-01
7.497658558592247280e-01
7.500183855805576671e-01
7.500687263960166273e-01
7.499608593823855474e-01
7.497519427515547674e-01
7.494517571243770604e-01
7.492084458121442969e-01
7.491135945001536900e-01
7.490910398426410266e-01
7.490688563785545817e-01
7.488794979648218941e-01
7.485438050473424143e-01
7.481269976740682059e-01
7.477799117592763833e-01
7.472504965190933657e-01
7.464808199390721155e-01
7.454953940465420814e-01
7.447934373600454405e-01
7.440382341906844887e-01
7.433817935292775791e-01
7.429141572819445427e-01
7.427048458643840112e-01
7.428251479375207467e-01
7.430868296940262852e-01
7.434734822962190126e-01
7.444853581749135696e-01
7.460548862734690534e-01
7.480630145967803735e-01
7.499021788869714156e-01
7.517649167266776677e-01
7.533858098382499868e-01
7.548693951523508527e-01
7.563173232337443430e-01
7.574750655313888803e-01
7.584682217217365574e-01
7.592533192288686283e-01
7.595646229208423694e-01
7.596052449995945866e-01
7.595520883778174026e-01
7.595549228084932381e-01
7.594964466502452938e-01
7.595675084986120984e-01
7.597216050503841078e-01
7.598455718365322298e-01
7.599829656059581273e-01
7.598105106614629900e-01
7.596915875823985198e-01
7.596900343218310203e-01
7.596128486145007352e-01
7.593929665085844549e-01
7.590822038465983024e-01
7.586039388951265616e-01
7.580010377390291598e-01
7.572981405355760920e-01
7.565057160389329072e-01
7.555421232189988290e-01
7.545708647955141624e-01
7.535740416934073593e-01
7.522696921049999430e-01
7.507087753304030331e-01
7.492545738684647239e-01
7.478344878615221791e-01
7.467022679602696167e-01
7.454765941570520305e-01
7.443153593812821267e-01
7.432738568097260190e-01
7.428227863224730054e-01
7.428800829971848874e-01
7.429544287411705694e-01
7.434039969493144717e-01
7.440036302564376758e-01
7.446357484093802936e-01
7.452606052356154365e-01
7.458724273544645733e-01
7.465079633818223481e-01
7.471982817451550130e-01
7.479969472753112969e-01
7.482849680200012177e-01
7.483178083845403172e-01
7.483212854898328992e-01
7.483715129333278204e-01
7.485188118491299392e-01
7.486331006342298311e-01
7.488272467439047730e-01
7.490010608108561563e-01
7.492611293410195161e-01
7.494696532476123885e-01
7.496056379384427037e-01
7.499751359793724870e-01
7.502741997936187568e-01
7.503884652933552335e-01
7.504776268200330502e-01
7.503954274848200212e-01
7.501542546080122165e-01
7.497735759366788155e-01
7.492290636211790256e-01
7.487681565733795841e-01
7.482095817528913173e-01
7.475851810246436635e-01
7.471095820364734852e-01
7.468243657969141358e-01
7.466609264963111059e-01
7.465718353979333699e-01
7.464901805340873331e-01
7.465108035584236967e-01
7.466598032073252789e-01
7.471815833053346845e-01
7.475582087525324271e-01
7.481617848293573569e-01
7.487792981496425027e-01
7.492740565525165541e-01
7.498867416594325874e-01
7.504553199359899063e-01
7.509039250824809386e-01
7.512935601482324532e-01
7.516778534871140227e-01
7.520183491656295960e-01
7.523123463164641533e-01
7.525711964974278745e-01
7.526407467723105205e-01
7.525364134948734351e-01
7.524584799021220016e-01
7.522674143416161474e-01
7.520829712011595225e-01
7.517376014947492191e-01
7.511891948896868287e-01
7.505812472151853765e-01
7.499204190315778007e-01
7.491618723066778562e-01
7.482644532572669815e-01
7.473694437160784965e-01
7.464573232661271263e-01
7.455876787716668730e-01
7.446835273751024609e-01
7.439074118078113917e-01
7.432007057230771707e-01
7.425036494372916351e-01
7.418566579314994636e-01
7.411091192347443180e-01
7.403505181335224838e-01
7.395609460381500355e-01
7.388997696821336669e-01
7.379628051035186376e-01
7.369121108015126431e-01
7.359468401271654914e-01
7.345788775064390208e-01
7.329621475890528703e-01
7.310754446653240368e-01
7.290140474094113365e-01
7.271262031064603670e-01
7.251384922114384457e-01
7.232857003636244952e-01
7.216087950666555395e-01
7.201834945365755969e-01
7.190034912591720673e-01
7.178400676353863252e-01
7.171770250970710414e-01
7.165762741720144158e-01
7.158461946830282363e-01
7.154537275386066986e-01
7.145433527446650723e-01
7.134055466486337593e-01
7.120122631147843828e-01
7.104450153804134915e-01
7.089018841680099214e-01
7.075497135311912267e-01
7.068635289206784966e-01
7.065809806151609473e-01
7.076605209830835186e-01
7.096894546204115528e-01
7.120902670938586976e-01
7.150250851469698299e-01
7.180114830330329712e-01
7.209806604996821244e-01
7.235973602407297367e-01
7.258146832516985114e-01
7.275448562968220845e-01
7.288263978227169648e-01
7.296157963047864570e-01
7.299286625888409263e-01
7.299680858345851675e-01
7.299753377088098460e-01
7.301462070127698878e-01
7.303848732405598954e-01
7.306067583944803046e-01
7.308623663229156797e-01
7.311672848714770856e-01
7.315626787530687958e-01
7.318035544938771286e-01
7.321723069145709140e-01
7.322502329033728774e-01
7.324906793907893787e-01
7.326378280023428946e-01
7.323927235545749648e-01
7.319640281494879108e-01
7.315304838703734491e-01
7.310965796461791344e-01
7.307452116983804702e-01
7.302652042373659613e-01
7.295772971806859797e-01
7.288390067630010627e-01
7.283722056718082705e-01
7.277203281759817566e-01
7.270987024699419043e-01
7.268140606343541643e-01
7.266021614054507527e-01
7.262777590642081060e-01
7.259579835327085728e-01
7.256560826277193010e-01
7.256182719924784141e-01
7.259345710256532858e-01
7.261236431287179105e-01
7.262595846943721289e-01
7.262514464830907013e-01
7.260493987309101227e-01
7.256123949721072774e-01
7.250163521055770222e-01
7.245049045020000023e-01
7.238303032960277106e-01
7.229702534470329178e-01
7.219337153779531446e-01
7.206958830689654816e-01
7.194364696257347092e-01
7.184079618617252860e-01
7.175406523542824377e-01
7.170160132591499869e-01
7.166400111655391036e-01
7.165340994963659282e-01
7.164685036103475291e-01
7.165226363166652401e-01
7.165723872271440031e-01
7.168416420186509708e-01
7.171990425529161106e-01
7.175759971881112698e-01
7.179479088140895415e-01
7.183016191182485244e-01
7.186452088851941200e-01
7.191202769315382382e-01
7.194071054235583462e-01
7.197029725568077074e-01
7.201142089556209491e-01
7.206642651165319213e-01
7.210977645683754877e-01
7.214948613637496289e-01
7.218194661594172779e-01
7.220562076114852568e-01
7.220966186504856887e-01
7.218561501151301574e-01
7.212224090105930907e-01
7.203877309640368543e-01
7.194847732874338764e-01
7.185241587882370551e-01
7.175840912228297341e-01
7.167378582272426746e-01
7.161179430318731498e-01
7.155197774401185207e-01
7.148886139492878211e-01
7.142687962179720129e-01
7.138258441374750740e-01
7.135820566992916447e-01
7.133127433708132958e-01
7.127619732891118387e-01
7.122231655327443400e-01
7.116116417882709655e-01
7.107751681363551066e-01
7.097516467046081079e-01
7.090348761637341735e-01
7.083157909486986759e-01
7.077262562097992316e-01
7.071513882893246672e-01
7.067201022393605481e-01
7.065807705995394983e-01
7.067222312364586090e-01
7.070618634814843650e-01
7.073070120009833373e-01
7.078234851129654448e-01
7.085074887738633809e-01
7.089133271481107279e-01
7.093128376621175013e-01
7.097713336802244921e-01
7.101039095235296417e-01
7.103848016864130477e-01
7.106460405851313666e-01
7.108917698445602618e-01
7.112760307447755226e-01
7.117620467844341103e-01
7.123323946985393729e-01
7.127506963438885457e-01
7.132644140287307533e-01
7.137478315955221309e-01
7.141698422739241048e-01
7.146956027603423856e-01
7.153005204156051011e-01
7.157422776168057554e-01
7.162694413976976593e-01
7.167715634148994486e-01
7.171781943049575503e-01
7.175331275744329940e-01
7.179725943723253012e-01
7.183935889062837976e-01
7.187809226952329711e-01
7.191833074070529408e-01
7.194108670348279277e-01
7.196879080629607905e-01
7.199342424624566306e-01
7.199359944910629361e-01
7.202313656022896193e-01
7.204195512843096783e-01
7.204475199158277832e-01
7.203513893339806851e-01
7.201693742280870225e-01
7.200087133383464844e-01
7.198586831706113021e-01
7.196228730598760448e-01
7.194081283333576549e-01
7.191596326637273995e-01
7.188825535928512478e-01
7.184265178098885318e-01
7.178920618104758233e-01
7.172709358863550433e-01
7.163569973141308278e-01
7.153892061814579595e-01
7.145474287692039628e-01
7.138985164128418548e-01
7.133729405370753396e-01
7.128265038717054303e-01
7.125239678637845797e-01
7.123531474504535277e-01
7.123839003244725188e-01
7.124465418552068385e-01
7.124446590086743747e-01
7.124987681237426873e-01
7.125087492552516499e-01
7.123964725339416715e-01
7.120542371926763536e-01
7.115366611983691136e-01
7.112932129153117788e-01
7.107484795254105370e-01
7.100243340915665113e-01
7.089364138671122584e-01
7.077235869346500952e-01
7.065567753432483444e-01
7.052937537352560460e-01
7.037859513585740245e-01
7.021829424088225080e-01
7.005203864257102397e-01
6.989429114953390476e-01
6.970457583564654280e-01
6.955228864858583604e-01
6.941648323458743386e-01
6.930723012020556517e-01
6.924169560188884187e-01
6.920202042894457728e-01
6.917673195543866393e-01
6.918438202857575270e-01
6.919230552517543487e-01
6.918446530097728253e-01
6.918494097992988756e-01
6.915851578143499268e-01
6.907346236916052096e-01
6.896173458423555669e-01
6.883215960570957526e-01
6.865440793457788793e-01
6.847149260290313899e-01
6.830446833577261678e-01
6.815808244303989127e-01
6.805918318172042847e-01
6.800797081724490045e-01
6.802775217018125486e-01
6.814383564727261033e-01
6.833053285537149524e-01
6.857825737050275983e-01
6.881924742956190277e-01
6.908317830445642738e-01
6.933849322091859557e-01
6.957142809096595881e-01
6.980766051864396582e-01
6.999253928885363907e-01
7.015151660675176259e-01
7.026688264849348942e-01
7.033208445254025554e-01
7.036300957838620418e-01
7.035443126939270320e-01
7.037068568717375072e-01
7.037273785181055175e-01
7.037286485497388222e-01
7.035430603784705861e-01
7.031075923990096621e-01
7.027507741911775963e-01
7.023447160477869211e-01
7.017449674797346937e-01
7.013078174217515226e-01
7.009115657562809965e-01
7.006656335260494917e-01
7.000849940611714173e-01
6.994936826670983265e-01
6.992126805217101504e-01
6.989084461807503201e-01
6.987511601709976983e-01
6.987651346969682153e-01
6.987117396515957202e-01
6.988835546245798502e-01
6.988514297125366648e-01
6.991220017796055952e-01
6.993890843451332495e-01
6.997125597754605408e-01
7.000557098927522315e-01
7.002720768833705645e-01
7.004271139876746544e-01
7.005508222403912244e-01
7.005950449991973361e-01
7.005160680627530168e-01
7.002557281471403217e-01
7.000137069520518951e-01
6.995135136733904302e-01
6.990461867374306859e-01
6.985484311059378948e-01
6.981593910919379198e-01
6.978853700935571114e-01
6.974767528717176202e-01
6.972037953076604122e-01
6.970943510926709275e-01
6.970432966418004250e-01
6.970847296653088776e-01
6.969164587873076799e-01
6.957669097820647908e-01
6.937990968942852055e-01
6.908674348803711673e-01
6.866470135247018103e-01
6.812012825951473394e-01
6.745162919695928405e-01
6.659807736334605321e-01
6.549833383589797053e-01
6.403447072823436059e-01
6.205680744414410199e-01
