8.512838832231262032e-01
8.525329524331854980e-01
8.545702675911154289e-01
8.570354326269170597e-01
8.597114111188102203e-01
8.624413416477115790e-01
8.651409529372818819e-01
8.677108509202220432e-01
8.701172778387300522e-01
8.723428210086406898e-01
8.744649792684722200e-01
8.765051450709026026e-01
8.778566607094024921e-01
8.790990552177362360e-01
8.803738104127251107e-01
8.816135779262849193e-01
8.828028090058781530e-01
8.839161805723463328e-01
8.849474563641404057e-01
8.859116654926278978e-01
8.868207127312994764e-01
8.876741414110391748e-01
8.884780294849431437e-01
8.892098882284403816e-01
8.898858434866760980e-01
8.904715364749404838e-01
8.909440197806127726e-01
8.912861262542255414e-01
8.915275541247803526e-01
8.917080565502979450e-01
8.917922023191073855e-01
8.918121175520394850e-01
8.917806299350238275e-01
8.917261778938526673e-01
8.916342349507745402e-01
8.914887295342862616e-01
8.913190384403157918e-01
8.911638510113085720e-01
8.910222085066180631e-01
8.908710577769475281e-01
8.907241036320981964e-01
8.905720761160434984e-01
8.904188955928983296e-01
8.902658809802987960e-01
8.900507917655680057e-01
8.898202806577060198e-01
8.895747424583539953e-01
8.893076561711045214e-01
8.890146636065835439e-01
8.887206813737742461e-01
8.884057551584475521e-01
8.880895588078320246e-01
8.877385441168010871e-01
8.873417294477361494e-01
8.869017670992886959e-01
8.864539716379928880e-01
8.859659443238483423e-01
8.854495453243031999e-01
8.849212664427685837e-01
8.843367269187057955e-01
8.837654260284694141e-01
8.831473819497409616e-01
8.824819422898863008e-01
8.818012981668386097e-01
8.811115756314916725e-01
8.804089819106311054e-01
8.796776995530741772e-01
8.789476314788986500e-01
8.782051500175259706e-01
8.774041393404822253e-01
8.765722195419467511e-01
8.757174710199078227e-01
8.748685738977011184e-01
8.739995118925363293e-01
8.731626999632104980e-01
8.723926426062402761e-01
8.716376875130469326e-01
8.709356911862953243e-01
8.703047625216391303e-01
8.696982103726341728e-01
8.691886594045794556e-01
8.687071517387873199e-01
8.682434990071226100e-01
8.677908833665520794e-01
8.673534441558462538e-01
8.669386210975703611e-01
8.665254562536393035e-01
8.660546149029325624e-01
8.655350997181103789e-01
8.649990373460944015e-01
8.644477359804390026e-01
8.638172785534721232e-01
8.631637872186261884e-01
8.625549170144138911e-01
8.619620126275231442e-01
8.614324532599755280e-01
8.608387524474638841e-01
8.601493386978343869e-01
8.594069556313719271e-01
8.586715863375742330e-01
8.578798961927104338e-01
8.569828636714401648e-01
8.560617214038543921e-01
8.550167772537279332e-01
8.536818003054568171e-01
8.520457597453904297e-01
8.502581549040759690e-01
8.482209852517504922e-01
8.459229668991792295e-01
8.435093593254172628e-01
8.408970746165557175e-01
8.382406772658921312e-01
8.356576051020722096e-01
8.331317708777232767e-01
8.307081709071445497e-01
8.289318957619805639e-01
8.281571987225684328e-01
8.275710247689984644e-01
8.274904464017054373e-01
8.282905229246261269e-01
8.294188823974831815e-01
8.307230616079570584e-01
8.322519444024149005e-01
8.338893841916372729e-01
8.354468181701549812e-01
8.370448499759871597e-01
8.382330073592523245e-01
8.391479002197927972e-01
8.399569616951583217e-01
8.405890231369482768e-01
8.410049984942766788e-01
8.412718068918466630e-01
8.412945653137258173e-01
8.411244651221755353e-01
8.408397712835146143e-01
8.404344562508068162e-01
8.398662767256831474e-01
8.391314697505144471e-01
8.382535144959862849e-01
8.372834906695086898e-01
8.362457378385209639e-01
8.350496035743367740e-01
8.337130056642164666e-01
8.323577706276628074e-01
8.308944703945110311e-01
8.293983031660102645e-01
8.278872659282368041e-01
8.264263488265574109e-01
8.250618747014940579e-01
8.237660748848363301e-01
8.225436879602271434e-01
8.215157977150803204e-01
8.206685436819641799e-01
8.199600319303553819e-01
8.192528714151244840e-01
8.186040283801075956e-01
8.180500219677594442e-01
8.174071696237587004e-01
8.167732786845749438e-01
8.161833863958007917e-01
8.156213499972153613e-01
8.150933343339755721e-01
8.145654534740157660e-01
8.139895858179868604e-01
8.133965804841911673e-01
8.129127410200244208e-01
8.124922347275267409e-01
8.122483834561687877e-01
8.121583473713418488e-01
8.120100995704457869e-01
8.119119983976432753e-01
8.117924650448253843e-01
8.116922659413076113e-01
8.116197738616828250e-01
8.116028029705569802e-01
8.115401154892758484e-01
8.114846060043585663e-01
8.113656162781385239e-01
8.111645597189233170e-01
8.110864969198923191e-01
8.109749797556466966e-01
8.109249992965820164e-01
8.110192762549837120e-01
8.111824942761171053e-01
8.114288406260264930e-01
8.117335007266203162e-01
8.119963484042171942e-01
8.123427022063617331e-01
8.127759184531794245e-01
8.132588020233176840e-01
8.135595766764508463e-01
8.140275288283677080e-01
8.144550931487235523e-01
8.146771306926103851e-01
8.148380658857525827e-01
8.150708475650366713e-01
8.152945472730398491e-01
8.155082101932888961e-01
8.157025809324116583e-01
8.159610133206269822e-01
8.161674931131923660e-01
8.164149693399027630e-01
8.165449913113478342e-01
8.166477765958557455e-01
8.167962129646717528e-01
8.168285506457523271e-01
8.167672675415829087e-01
8.166902711909828083e-01
8.165609825993885851e-01
8.163661533737374132e-01
8.160951609194833090e-01
8.158267123033661194e-01
8.154599500267135648e-01
8.150633398553142062e-01
8.146743614428388902e-01
8.142196371222150120e-01
8.137224224881648427e-01
8.131643054576733753e-01
8.125171077588105861e-01
8.118138100930766266e-01
8.109495220083557943e-01
8.100874103977050433e-01
8.091899655214958020e-01
8.082880686491753508e-01
8.073370649007535205e-01
8.062785679473676304e-01
8.053186128499418839e-01
8.043408634183079053e-01
8.033784523643211495e-01
8.025330379857311680e-01
8.017631421203027520e-01
8.010457311503524913e-01
8.003646720569621564e-01
7.996332636823560991e-01
7.989066671401969799e-01
7.982457443836911137e-01
7.976613140811227298e-01
7.970172395249538466e-01
7.964825541062134917e-01
7.960633596836528270e-01
7.955546023890104346e-01
7.950572611369709497e-01
7.944403150377268297e-01
7.938223024134215544e-01
7.931172394784011814e-01
7.921986503354763176e-01
7.911605061174338260e-01
7.901576922175982398e-01
7.891971017013430512e-01
7.882007746211079358e-01
7.868613227663281418e-01
7.853797752741743521e-01
7.836441980517723227e-01
7.818104373761882719e-01
7.798439968477548501e-01
7.778259388397569252e-01
7.758511507259506779e-01
7.741698159592960149e-01
7.727349963662923926e-01
7.716744211129092923e-01
7.709369807963520893e-01
7.708101821677869614e-01
7.712873651495735228e-01
7.721198015277437321e-01
7.730819733494681545e-01
7.740269078095572963e-01
7.749565673368226104e-01
7.758133949926854234e-01
7.764908863443664711e-01
7.770308360136448655e-01
7.773811357205814287e-01
7.775408364401978911e-01
7.776516591816948765e-01
7.775629651810870291e-01
7.775917199898355614e-01
7.776810726398450946e-01
7.779776758417974447e-01
7.782298618987257832e-01
7.786321485829904576e-01
7.789497217954363117e-01
7.790432051055162788e-01
7.791438022207718417e-01
7.793178598792251943e-01
7.793134893761154425e-01
7.791838676128286512e-01
7.787920234019934940e-01
7.782810134480502295e-01
7.775709211464398862e-01
7.768767303774611888e-01
7.759504013954283685e-01
7.750121011688304584e-01
7.743356720646917823e-01
7.736257177811648456e-01
7.728566486772013855e-01
7.723165484548384363e-01
7.719654106004114613e-01
7.719957723330950206e-01
7.722300353242191884e-01
7.726615722098105765e-01
7.733313282844850312e-01
7.744371035848691687e-01
7.758180377188171883e-01
7.772042406714947393e-01
7.786807501086958627e-01
7.801773179096050947e-01
7.815255914168681706e-01
7.826642160948236171e-01
7.836123425897661976e-01
7.843832407031383624e-01
7.849985775584790160e-01
7.853108762397235099e-01
7.852529552746597696e-01
7.849658277261551964e-01
7.844514516194251996e-01
7.837495077165568258e-01
7.830284082499369136e-01
7.823161717351377886e-01
7.816162699059470143e-01
7.808088511040963686e-01
7.799096996698280382e-01
7.788893253242757941e-01
7.778101940208560494e-01
7.766378321206899304e-01
7.754149415849710403e-01
7.741332851821559613e-01
7.730310279565696385e-01
7.719489258636450524e-01
7.708386714965101971e-01
7.696457227992941075e-01
7.685739576560602915e-01
7.675258990319688834e-01
7.664700955457515175e-01
7.654283552720044792e-01
7.644151502308712542e-01
7.634265110831635059e-01
7.626691645946531706e-01
7.618881820983300912e-01
7.613840978481202226e-01
7.612887856459181757e-01
7.616272866370814576e-01
7.621248255460538745e-01
7.627627468902993257e-01
7.637104877400240355e-01
7.647848510411154876e-01
7.655921496443504060e-01
7.661053135886504162e-01
7.662493712791847988e-01
7.662430708786965861e-01
7.661077016344710611e-01
7.657519192006936315e-01
7.652284653777641221e-01
7.647293763914050357e-01
7.644552477761145104e-01
7.640591495397293098e-01
7.637865241851619080e-01
7.637219169518928430e-01
7.638354207172516341e-01
7.640460854900824605e-01
7.644039808552326454e-01
7.648722383090431620e-01
7.655296509235512969e-01
7.664120383869690301e-01
7.671111671910904040e-01
7.677550763783829169e-01
7.681875592556554055e-01
7.684607776649483579e-01
7.684784647059880180e-01
7.683939345369656948e-01
7.681534839035640827e-01
7.677250093239027517e-01
7.671694773096302544e-01
7.665141468900689148e-01
7.658546137281173616e-01
7.653702341705007628e-01
7.648649968778139518e-01
7.644362638548307665e-01
7.639919017831724446e-01
7.638230488509284433e-01
7.637703091654812759e-01
7.638853485866766713e-01
7.641406457809817310e-01
7.644483125197061302e-01
7.648145161408368420e-01
7.651304089392199081e-01
7.652635389379810471e-01
7.653122688762274972e-01
7.651989605382758519e-01
7.650634609013106102e-01
7.645058568292631973e-01
7.635976648064346506e-01
7.624209582954789566e-01
7.610299294098176182e-01
7.595666452108637001e-01
7.577209601231620351e-01
7.558936776324844953e-01
7.539953402349468536e-01
7.518861763453954516e-01
7.497421546469645870e-01
7.470935867705551514e-01
7.443331307429247312e-01
7.417143594002756357e-01
7.388695018784230406e-01
7.359636577187378403e-01
7.330506722247356333e-01
7.305324217600425163e-01
7.283702859164778998e-01
7.268578347314802457e-01
7.261480291235694606e-01
7.258910813623050684e-01
7.269730661841433683e-01
7.287167801471681194e-01
7.304508325204966956e-01
7.325990425878842194e-01
7.349529207814577969e-01
7.372098469289948275e-01
7.391682420723171276e-01
7.408331127984555398e-01
7.420697232282628120e-01
7.429189942067728758e-01
7.435929311809542641e-01
7.438426425026087863e-01
7.438846487038195399e-01
7.439486581022756173e-01
7.440942367474298047e-01
7.442769179180286354e-01
7.446547757814048207e-01
7.450012089971692619e-01
7.455211308536490167e-01
7.463005768152659591e-01
7.473711003397623953e-01
7.483321245324303650e-01
7.493005057585272466e-01
7.502364876578361264e-01
7.511527888661595487e-01
7.519668943217771018e-01
7.528074661392227807e-01
7.534402799151690422e-01
7.540803553733208542e-01
7.546340403245344053e-01
7.549825229692052053e-01
7.551619378761569301e-01
7.553696060791348366e-01
7.555481952180040928e-01
7.557525637964606080e-01
7.557727862343948111e-01
7.558187740865153215e-01
7.557877851994304619e-01
7.558483071827997168e-01
7.557932641669726781e-01
7.558193586797646857e-01
7.557550029721427087e-01
7.556371469194793633e-01
7.553338204932860123e-01
7.550116474889271290e-01
7.545036424632278749e-01
7.540168568735735599e-01
7.532684662731046199e-01
7.523665757040098878e-01
7.513851021698422228e-01
7.503576747690255955e-01
7.491649589770070783e-01
7.481317318059154120e-01
7.472316865662702590e-01
7.466343984911320009e-01
7.460869588378677975e-01
7.458230723640075777e-01
7.458850377095095352e-01
7.462037167211936772e-01
7.467547800489272580e-01
7.474139560261303661e-01
7.482635583080574637e-01
7.493222891894372184e-01
7.501962844101068839e-01
7.510454211397923352e-01
7.518153898578082694e-01
7.524376566545417644e-01
7.528371469747077160e-01
7.530256680621932874e-01
7.532501327384214518e-01
7.531917821740147234e-01
7.530963430683117465e-01
7.527534226033096854e-01
7.524251862442969951e-01
7.524058817273633348e-01
7.523313221359486658e-01
7.523987710053897660e-01
7.526417933382695269e-01
7.529701999013187486e-01
7.533017570933546736e-01
7.536546835207227346e-01
7.540112832267379384e-01
7.543565613161082872e-01
7.547832262033501438e-01
7.549915229064727562e-01
7.549717476521691228e-01
7.550382427140316377e-01
7.549954405553971348e-01
7.546863741016325289e-01
7.541435731431515022e-01
7.535736866496701714e-01
7.528591290844451889e-01
7.520895675688671345e-01
7.512678642565630005e-01
7.504548468093864555e-01
7.494810164695496768e-01
7.484200440413625310e-01
7.472683160721625972e-01
7.460602697417066942e-01
7.448333772123371110e-01
7.437115158692242378e-01
7.425016994656505886e-01
7.412359046962874176e-01
7.398927733626063930e-01
7.384758976030322275e-01
7.367088562431612919e-01
7.348212085468702748e-01
7.328983333742020712e-01
7.310152403247073272e-01
7.291358376586690726e-01
7.271922747151987609e-01
7.250156796922889724e-01
7.228932578128379749e-01
7.207677395339316950e-01
7.185283665566055689e-01
7.163018021854808959e-01
7.142659511644156023e-01
7.124122069763091369e-01
7.107185207247963543e-01
7.091072581805637487e-01
7.077680647711588335e-01
7.067401383672069493e-01
7.061302891934482240e-01
7.057115968961212848e-01
7.055310059553377977e-01
7.056975518047325924e-01
7.063685118497105009e-01
7.072207869604395514e-01
7.082062167029591349e-01
7.091806395273430041e-01
7.100629859662140886e-01
7.107449850863999385e-01
7.113372921690900297e-01
7.116313703793678558e-01
7.118579404551751422e-01
7.120313464667650249e-01
7.120071947538615387e-01
7.116486178201566482e-01
7.111132703461264803e-01
7.105021592855034207e-01
7.104670824194304624e-01
7.109645906079881117e-01
7.117844960956315470e-01
7.127665757712842165e-01
7.139594350373841269e-01
7.154456866779009827e-01
7.171051835377570960e-01
7.189826808597946650e-01
7.211067470658325540e-01
7.234089139143075053e-01
7.257526524500433895e-01
7.274356841176703448e-01
7.286543804857869011e-01
7.295624804950222586e-01
7.302674987162907083e-01
7.308866479002281702e-01
7.313772197905229477e-01
7.315948977204195236e-01
7.316536115719903810e-01
7.315849483632019812e-01
7.313497458036309906e-01
7.310319668471662036e-01
7.307824075209727877e-01
7.307306781153718456e-01
7.307486226905947069e-01
7.308008671994968841e-01
7.306704733043838385e-01
7.303355958290015382e-01
7.299742691268759076e-01
7.296613566845092658e-01
7.291170117227461223e-01
7.283386648153065135e-01
7.272872352696484466e-01
7.265121527748206187e-01
7.256288876278486066e-01
7.248503909345104246e-01
7.242225538017763586e-01
7.239038658252751057e-01
7.239076006004346864e-01
7.240611749522102292e-01
7.244086917345219367e-01
7.254009083877680508e-01
7.269401445771965786e-01
7.290242214933033704e-01
7.309246428736773105e-01
7.328644876428543897e-01
7.345944084673610153e-01
7.361850371301161822e-01
7.376691765420944069e-01
7.388964277407392700e-01
7.399201266357553486e-01
7.406780479079998480e-01
7.409696432952440626e-01
7.410187166929178559e-01
7.409145370663895447e-01
7.408384220812511689e-01
7.407532225423025807e-01
7.407503836889094417e-01
7.408588569947104352e-01
7.410133379958074862e-01
7.412058999036346130e-01
7.411638018271102801e-01
7.411519582412854357e-01
7.413168494546087395e-01
7.413727501158291489e-01
7.412988351434642853e-01
7.411550850769391685e-01
7.407666964097184836e-01
7.402412909818165687e-01
7.396100924329674919e-01
7.388793474646191406e-01
7.380057758110030175e-01
7.370615631322764427e-01
7.361670027967904817e-01
7.349927284491374335e-01
7.335738014155749331e-01
7.322312622398046145e-01
7.308707967141218065e-01
7.297915579037592693e-01
7.286432505548874339e-01
7.275330025003888812e-01
7.265659253162113362e-01
7.261576977513146680e-01
7.262844733329021363e-01
7.264035960735939490e-01
7.268504144370631082e-01
7.274611995013638976e-01
7.281308634148806469e-01
7.288182113500710768e-01
7.295289414617904811e-01
7.302701907856422592e-01
7.310208276118171922e-01
7.318374033687157221e-01
7.321845240519535558e-01
7.322655378379537838e-01
7.323195623828948619e-01
7.323878109627702804e-01
7.325096259845991220e-01
7.325326955995086209e-01
7.325787190474377653e-01
7.325622454912359416e-01
7.325763298915458632e-01
7.324679733842102136e-01
7.322960652682299898e-01
7.323542697815768054e-01
7.323650011143022498e-01
7.322930301181564960e-01
7.321613487749574212e-01
7.319527730210874106e-01
7.316157886160957746e-01
7.312493364751874170e-01
7.307805775012531369e-01
7.304355049973807468e-01
7.300584930409156348e-01
7.295256736569398770e-01
7.290592178246793065e-01
7.287396305983316891e-01
7.284381847799269449e-01
7.282473374981716097e-01
7.280433772531890169e-01
7.278735145974251086e-01
7.276956234695880488e-01
7.277457925838614061e-01
7.275990591725328693e-01
7.276357538595051855e-01
7.278040191300870765e-01
7.279299455675846131e-01
7.281730775728889604e-01
7.284882047568923547e-01
7.287489769417822005e-01
7.289996164360456055e-01
7.294038288562442185e-01
7.298377902385055904e-01
7.303262064483538873e-01
7.308139264296023008e-01
7.311324588940992797e-01
7.312429444098119680e-01
7.312341036363846358e-01
7.311515086637558891e-01
7.309689959754720467e-01
7.306122955512258654e-01
7.300940695656509272e-01
7.294821253286714047e-01
7.288179000681971331e-01
7.280766530278900417e-01
7.271835963577086837e-01
7.263270999032425124e-01
7.254751222621690365e-01
7.247262946946264606e-01
7.239131448601620056e-01
7.232093478672804165e-01
7.226034947626958083e-01
7.219988435099506940e-01
7.214231717273833500e-01
7.207487593785800728e-01
7.200821156957537550e-01
7.194239202458519999e-01
7.188603608925593358e-01
7.180562750989523124e-01
7.171386816420022292e-01
7.163086575583429427e-01
7.151109236527187774e-01
7.136677122247285787e-01
7.119665281234448528e-01
7.101127748123511330e-01
7.083637388433278170e-01
7.064892861027814996e-01
7.046901076982533541e-01
7.030659141190528372e-01
7.016556454836326839e-01
7.005275432456017359e-01
6.994139553580553947e-01
6.987079334416095300e-01
6.980489357914790860e-01
6.972247294977703680e-01
6.967196013187206827e-01
6.956780897846633893e-01
6.944376363963403742e-01
6.929132896932486130e-01
6.911373691997858559e-01
6.892746801260274392e-01
6.875908741102089161e-01
6.865552617597929785e-01
6.859480968559340530e-01
6.866922222191312875e-01
6.883470167576658527e-01
6.902962796739049445e-01
6.927810369786682188e-01
6.952921619647968177e-01
6.978756559613180643e-01
7.002391249098183224e-01
7.023504049464233123e-01
7.039658865784885755e-01
7.051237087985973151e-01
7.059523061884690476e-01
7.063769268279739277e-01
7.066637052424518117e-01
7.068834441555792436e-01
7.072799331161856440e-01
7.077057895194087678e-01
7.080385747646832373e-01
7.083520338848962039e-01
7.085908883383775780e-01
7.088278632569556814e-01
7.089566951663379690e-01
7.091023887623082445e-01
7.089000852853213352e-01
7.087297844780711120e-01
7.085761898569171713e-01
7.080971197944265771e-01
7.074562331684826066e-01
7.069357847888607660e-01
7.063938125025865933e-01
7.059282611484198888e-01
7.053711178082711086e-01
7.045886764437155891e-01
7.037938135592852751e-01
7.032633361874075506e-01
7.025833228413391751e-01
7.019323568684616710e-01
7.015516870369160607e-01
7.012954727863998095e-01
7.008718966934595063e-01
7.005640868800460108e-01
7.002825130384575658e-01
7.002744210324802765e-01
7.006407449883699234e-01
7.009647891738621794e-01
7.012906757579440153e-01
7.014867375024045337e-01
7.015169493218765817e-01
7.014509108752478017e-01
7.011617071335302098e-01
7.009010397830162109e-01
7.004969024513069131e-01
6.999322266105608703e-01
6.992835357496569593e-01
6.984598655890520424e-01
6.976032572633977802e-01
6.968952713057768866e-01
6.962803373162276266e-01
6.961240501926980739e-01
6.959895038562662339e-01
6.960397406451404034e-01
6.960998279884208495e-01
6.962032902137857970e-01
6.962513808015928785e-01
6.963828281519843788e-01
6.965067057638921755e-01
6.966174328507718227e-01
6.966496884337222140e-01
6.967941570220962388e-01
6.968208174773493635e-01
6.970387988766009180e-01
6.971210584911202712e-01
6.972736075646401854e-01
6.975154394915129563e-01
6.978748479178106257e-01
6.981619417877571454e-01
6.984827893115378439e-01
6.987073476952360140e-01
6.989725874873602418e-01
6.989028850575095264e-01
6.986167896585628867e-01
6.979584029506910037e-01
6.971228477548568891e-01
6.962005847080288135e-01
6.951647273308318997e-01
6.941759550343319374e-01
6.932642542273238506e-01
6.925731473847338560e-01
6.919595905077581266e-01
6.911648891381421134e-01
6.903271476001814344e-01
6.896279220868513082e-01
6.890959957897485610e-01
6.886072079321541306e-01
6.879491050241043348e-01
6.873016220452698999e-01
6.865575703103145022e-01
6.856051349755676316e-01
6.845386782300885153e-01
6.836626857995004025e-01
6.828995994891444710e-01
6.823260160345312464e-01
6.817467139847536162e-01
6.812427225178642187e-01
6.809071886412191299e-01
6.807838454030467057e-01
6.809275804817780386e-01
6.810259518588276384e-01
6.814335512707423437e-01
6.819600679794938225e-01
6.823272012017785881e-01
6.826734352959095142e-01
6.830690407604627090e-01
6.833751824051186308e-01
6.837007608271179482e-01
6.840075943085844878e-01
6.842899504390809184e-01
6.846306057296049907e-01
6.850872545234594213e-01
6.856285973731822692e-01
6.860232728738755448e-01
6.864912708425687793e-01
6.870281668811705211e-01
6.876284437284769790e-01
6.883330407530323658e-01
6.891003511287312477e-01
6.897159934175385310e-01
6.904884134649620364e-01
6.912572943872614673e-01
6.918130741287619179e-01
6.923624613031621466e-01
6.930125796589323706e-01
6.935891339342111772e-01
6.940970930845888898e-01
6.944791204373774729e-01
6.946723284065220438e-01
6.949201649146614646e-01
6.950738851316085043e-01
6.949733563579004736e-01
6.951521042688724172e-01
6.952274790345815969e-01
6.950843779688736790e-01
6.946642004512996182e-01
6.941296659794318202e-01
6.936396399213335950e-01
6.932058622722071517e-01
6.927035070354775614e-01
6.921916504462446440e-01
6.917397053960089304e-01
6.912800814585489118e-01
6.907242271098232855e-01
6.901648662322740213e-01
6.896032544333238201e-01
6.889169409949833511e-01
6.882250153212731147e-01
6.875783668552539751e-01
6.870949560134532730e-01
6.867429352543646948e-01
6.863214492548813661e-01
6.859944135612302540e-01
6.858264059566472337e-01
6.858465407272562597e-01
6.857991409270133287e-01
6.857547317977192858e-01
6.856499193512197721e-01
6.854646102709119893e-01
6.851612261531927484e-01
6.846423668449996836e-01
6.839245080857152548e-01
6.834774420719450516e-01
6.828390137805646631e-01
6.820924622845681018e-01
6.811013223300114161e-01
6.800881587318654553e-01
6.790485242352765072e-01
6.780226691331773248e-01
6.768411569158937491e-01
6.756374188408870163e-01
6.743775765653051701e-01
6.731610245382967372e-01
6.716187253855633310e-01
6.704142889015171081e-01
6.693402997986427350e-01
6.684177911229948199e-01
6.678130119008460763e-01
6.674811077493005840e-01
6.672162802510237523e-01
6.671775560830590646e-01
6.671298636865228282e-01
6.669297974875999513e-01
6.668095219849323740e-01
6.664993307649044185e-01
6.657059270112553051e-01
6.647045546686443096e-01
6.635114816737304189e-01
6.619000441386340139e-01
6.601677206559428690e-01
6.585537044166097642e-01
6.572153834721926602e-01
6.562029462504341826e-01
6.555930876505270399e-01
6.557102364357021429e-01
6.567329268023331945e-01
6.583967219261112058e-01
6.605711194662072794e-01
6.628345442063906523e-01
6.652786333878270009e-01
6.677048723359478855e-01
6.700166160213655298e-01
6.722388116285762383e-01
6.740370100071015891e-01
6.756529221611421443e-01
6.768587146564293278e-01
6.775448025276012975e-01
6.777176191481754097e-01
6.775428718591582911e-01
6.775201559404810947e-01
6.774232424121127139e-01
6.773387550268672452e-01
6.770497302358093883e-01
6.766098641823513615e-01
6.762481507085879029e-01
6.757745874926547325e-01
6.751803827897038257e-01
6.747632640285881056e-01
6.745521122065311070e-01
6.744648779922440829e-01
6.739914041905288311e-01
6.734585801727548393e-01
6.731842296612355891e-01
6.728389579807048104e-01
6.726070950807114812e-01
6.724939019048706834e-01
6.723675822748461650e-01
6.724152018211454473e-01
6.722600576356315694e-01
6.722935345471560131e-01
6.722844961948781783e-01
6.724015145742930910e-01
6.725198308825403037e-01
6.725267227048405960e-01
6.726894540529037014e-01
6.728407422408383409e-01
6.729493385432365748e-01
6.729096448942287756e-01
6.725900717712519628e-01
6.722640110469789709e-01
6.716908065244067139e-01
6.712993576002008744e-01
6.708002289907127880e-01
6.704842001786923689e-01
6.703307958436037772e-01
6.699884972807792494e-01
6.698079970765586921e-01
6.697259556286730975e-01
6.697643357541914755e-01
6.700633414668718535e-01
6.701415819034276522e-01
6.691781021070295488e-01
6.672881594368781366e-01
6.644850951397109906e-01
6.603581486809463330e-01
6.549905106877734751e-01
6.485271347839222100e-01
6.402723979098389195e-01
6.297561542764401610e-01
6.156247533283034645e-01
5.963307975628844293e-01
