8.187658268866030431e-01
8.208683780812698894e-01
8.246612060872674510e-01
8.293587273617788469e-01
8.345874972886231369e-01
8.401593637290732941e-01
8.458169792674963272e-01
8.514923442502185802e-01
8.570846850005232609e-01
8.625621045028448730e-01
8.679075876253810051e-01
8.728446206528602813e-01
8.763276249846676524e-01
8.792766831853223719e-01
8.820709982022482132e-01
8.846508170810279958e-01
8.869801306822158171e-01
8.891192240191487794e-01
8.910354618362031909e-01
8.926879728803410741e-01
8.940865499553479756e-01
8.952515494305250954e-01
8.962385551122356020e-01
8.970339278727186283e-01
8.976150962976758851e-01
8.979616966078124429e-01
8.981225555939956751e-01
8.981332871493067360e-01
8.979795506097696389e-01
8.976747134811173812e-01
8.972528333390296096e-01
8.967047325740451491e-01
8.959990914319140298e-01
8.952140320780419547e-01
8.943449504770333292e-01
8.933420871610836533e-01
8.923261910964430665e-01
8.912889576961131599e-01
8.902041768943830258e-01
8.890816714901895734e-01
8.879670110482810186e-01
8.868955038093438992e-01
8.858904347317324568e-01
8.849372000744518685e-01
8.839385343294465791e-01
8.829769482972670280e-01
8.821373925152017348e-01
8.812838949766473862e-01
8.803913755628863802e-01
8.795310443138240064e-01
8.786963902650677394e-01
8.778255683028453049e-01
8.768631932066858203e-01
8.757996222107788942e-01
8.747126764308988944e-01
8.736080832982446864e-01
8.724050887000454058e-01
8.710777442319943553e-01
8.697040612888083944e-01
8.682833555075233356e-01
8.667591815879531758e-01
8.650627916654430871e-01
8.632569190189192110e-01
8.614375949440016278e-01
8.596069088987083884e-01
8.576761553855789533e-01
8.556717614458948518e-01
8.536121396415137230e-01
8.514569000587002279e-01
8.492354621528211966e-01
8.469283463926600142e-01
8.445583109948450184e-01
8.421583369785818896e-01
8.397288055318933297e-01
8.372509287708069792e-01
8.347009969673560015e-01
8.321566179717490019e-01
8.296041779479316203e-01
8.269603712034991894e-01
8.242923457878424953e-01
8.215907830160500414e-01
8.189632477955577361e-01
8.164102973039047972e-01
8.139467510006790363e-01
8.115587658009146832e-01
8.092433374644392163e-01
8.069552063013675225e-01
8.048269120725743964e-01
8.027892228156325860e-01
8.008566635717356830e-01
7.990618971190271980e-01
7.974379532226408829e-01
7.958748660669389130e-01
7.944259846113346235e-01
7.930569159101219512e-01
7.917509021975611683e-01
7.905269898122229133e-01
7.893613628181023190e-01
7.882191815137133961e-01
7.870996427275576135e-01
7.858626612271402134e-01
7.843895980362162179e-01
7.826280053743643883e-01
7.806303238481165918e-01
7.780693457276661729e-01
7.747512035513441919e-01
7.708892964975047057e-01
7.658834668525341671e-01
7.599850793441115249e-01
7.534995269844333432e-01
7.464796740887005289e-01
7.396911804855208494e-01
7.327823123922776460e-01
7.260299597434864971e-01
7.195875965904896532e-01
7.141493819933120157e-01
7.108249613548348611e-01
7.080081246334125611e-01
7.069444580498396302e-01
7.071950630635228663e-01
7.079543356578298363e-01
7.088059705443878755e-01
7.099038592198547715e-01
7.121624884916762932e-01
7.145094146858441686e-01
7.170236776534913981e-01
7.198452474261176626e-01
7.227150648857605386e-01
7.257542686654209207e-01
7.284817054569910910e-01
7.311325050812689241e-01
7.338083289877297410e-01
7.362810876671624927e-01
7.380928115789280319e-01
7.390853819260764235e-01
7.396681076143931666e-01
7.400052778428697353e-01
7.400058797830446622e-01
7.396731381188961230e-01
7.390201991445322083e-01
7.381844595661027908e-01
7.370800738688609854e-01
7.357348304807762585e-01
7.343149264633176410e-01
7.328126147853362138e-01
7.313690732255119231e-01
7.299491959481487768e-01
7.285341929375165337e-01
7.272687197529023040e-01
7.262366313909959237e-01
7.253288720971777792e-01
7.244983987256298219e-01
7.236026167698040856e-01
7.225495435480104867e-01
7.214980819741780849e-01
7.204111247766766812e-01
7.193732188246250159e-01
7.183716653406351238e-01
7.173102327459890404e-01
7.162738701290538579e-01
7.152193937034908577e-01
7.142166086395199676e-01
7.133008956790457544e-01
7.124553536347972837e-01
7.118516985279138565e-01
7.112263803562804965e-01
7.105924452090804921e-01
7.098731889046706600e-01
7.092038917119752872e-01
7.086309477244155941e-01
7.078765665058273093e-01
7.071356904344308081e-01
7.063650643597584322e-01
7.055134312133536367e-01
7.046812954101490112e-01
7.037594662200142848e-01
7.029928511048995077e-01
7.023119811564941806e-01
7.017187205862480681e-01
7.013289244315981108e-01
7.010216056557155850e-01
7.009262653156607126e-01
7.009009955563348937e-01
7.009258869753353105e-01
7.010122141365290327e-01
7.011740684042531147e-01
7.012037079331159273e-01
7.012986808930096183e-01
7.015039266163578535e-01
7.017190571546048083e-01
7.016518240104016035e-01
7.014071472787040129e-01
7.011360246931932494e-01
7.005841266554014846e-01
7.000415080674712298e-01
6.993793085371694529e-01
6.986175884278261750e-01
6.978202100423400722e-01
6.968891178050791169e-01
6.958794653419421161e-01
6.948800910663895936e-01
6.940483599114449786e-01
6.932130671851075565e-01
6.923251195975349548e-01
6.916606590560654411e-01
6.908003530845695517e-01
6.900060105113376974e-01
6.892173261461783662e-01
6.883804673072542180e-01
6.875210157728041116e-01
6.866703257282761319e-01
6.859259965272587189e-01
6.850330119002613349e-01
6.842912819648362399e-01
6.834980671405214148e-01
6.827675106995340082e-01
6.825290072589075274e-01
6.824973727811987079e-01
6.826340210551444798e-01
6.829257108254243036e-01
6.834536340540280364e-01
6.841892776053004610e-01
6.849953120256417893e-01
6.860680140278052619e-01
6.871591224174000700e-01
6.884404793267101530e-01
6.896387157380565736e-01
6.903866013421594561e-01
6.908449964758082151e-01
6.910108492976244632e-01
6.909820491989647762e-01
6.907538802056460980e-01
6.902927208293573313e-01
6.896862699333637936e-01
6.887351673307244848e-01
6.877160149711838422e-01
6.864517426559348934e-01
6.852407040320132037e-01
6.839901582087526410e-01
6.828496981385505649e-01
6.818188665141678984e-01
6.808331064721283576e-01
6.799684652492054004e-01
6.792004143216824330e-01
6.782095794228477637e-01
6.772046490922177808e-01
6.760071071872020276e-01
6.749200047727911267e-01
6.736621709070929054e-01
6.724151149829210583e-01
6.709526050988707802e-01
6.693044445886642269e-01
6.674262431311792643e-01
6.653061882644832892e-01
6.631602822783266848e-01
6.612617158311980825e-01
6.595289784030802238e-01
6.580896181211051132e-01
6.570767058891787693e-01
6.565310901846251879e-01
6.564708438765674003e-01
6.572096346302601644e-01
6.586624651210616355e-01
6.606882278521318819e-01
6.629705376154128027e-01
6.654562009085044361e-01
6.679234233280348931e-01
6.704198051359675503e-01
6.727549556433387590e-01
6.748458255325727739e-01
6.766976963040075566e-01
6.784156213736285412e-01
6.798720165842694341e-01
6.809199364639846319e-01
6.816428637976214011e-01
6.822075953701168816e-01
6.821915771690733044e-01
6.816203990614709829e-01
6.802423650307287684e-01
6.782596498431051613e-01
6.756238562245237000e-01
6.726697737926911058e-01
6.691487607104003033e-01
6.654898981074015563e-01
6.616441811779060211e-01
6.579133916272210669e-01
6.544703446403675740e-01
6.517724074084979557e-01
6.495739558600923669e-01
6.480466272079213885e-01
6.469454187801236822e-01
6.462124186928489555e-01
6.457802007510554665e-01
6.456824700479227852e-01
6.454771475701572836e-01
6.458209824866314452e-01
6.464571926128859225e-01
6.472709901814583944e-01
6.479693773329295858e-01
6.490167493554417355e-01
6.505625248270053840e-01
6.525033259399422025e-01
6.547941536947298191e-01
6.573601936200608176e-01
6.602108813699436585e-01
6.632123821266706631e-01
6.656630598098695062e-01
6.677021213086988816e-01
6.695560420652865163e-01
6.710128972082390897e-01
6.720315303522694794e-01
6.722514855475373308e-01
6.719612793696421171e-01
6.714253832973343661e-01
6.707074338568211891e-01
6.697396364640283428e-01
6.687210363725202278e-01
6.677911196956359818e-01
6.666997811585095857e-01
6.650941836916751670e-01
6.629822227307747839e-01
6.603240441660421789e-01
6.571968422382965525e-01
6.537635282978296880e-01
6.502435729978354173e-01
6.465149757190066238e-01
6.428582830770215306e-01
6.393416797698063814e-01
6.356143473472054550e-01
6.324525349380063499e-01
6.297500152863106937e-01
6.279041414896373574e-01
6.268399112675635543e-01
6.263723058584661496e-01
6.266024791960896900e-01
6.276538352322155179e-01
6.294144323827771670e-01
6.315777590172056977e-01
6.348151691918330064e-01
6.387856104893068210e-01
6.427122438154920792e-01
6.467620644893735671e-01
6.505881710702260401e-01
6.541300873453534948e-01
6.572216756362131429e-01
6.597255875775104306e-01
6.615460842454756740e-01
6.628078265513791534e-01
6.638079406719605835e-01
6.641188153206010192e-01
6.640856922091450398e-01
6.640443685768715465e-01
6.640117155306697327e-01
6.638946583094160747e-01
6.636456298531111520e-01
6.634037863795636536e-01
6.630326168656238695e-01
6.627604950434757836e-01
6.628686236568888113e-01
6.629178891169696941e-01
6.630180851370659489e-01
6.630365556807692462e-01
6.629268583630379963e-01
6.626889709324401689e-01
6.625460521661261648e-01
6.622511583011259084e-01
6.619742838764485215e-01
6.616841702106711631e-01
6.611697167000725184e-01
6.604195640377155119e-01
6.597732424691296060e-01
6.591612365428680675e-01
6.586745659400953246e-01
6.582630697154259192e-01
6.579147402891730723e-01
6.574639463398533890e-01
6.570348076106320434e-01
6.565392883290537274e-01
6.561081943714107689e-01
6.558991517016455886e-01
6.560817560991969444e-01
6.564541382800567204e-01
6.571692621526004086e-01
6.582185390831328808e-01
6.593198772244898143e-01
6.604521095202894321e-01
6.617584487383292302e-01
6.629335459992033996e-01
6.639038503316585516e-01
6.647787600578952683e-01
6.656426016614918062e-01
6.663890410915237483e-01
6.669250860197263320e-01
6.673220875659612306e-01
6.673835914425862992e-01
6.670136283559997548e-01
6.662459879228425086e-01
6.648269348198369011e-01
6.622289500438051091e-01
6.588059124280806200e-01
6.545094051457713835e-01
6.494669160681404430e-01
6.441678771974357343e-01
6.387590987069842186e-01
6.332850981374502641e-01
6.283144227420567329e-01
6.246159283567394027e-01
6.220510550455996546e-01
6.202896949518892367e-01
6.202999860795892495e-01
6.214061352981939956e-01
6.231982572571647117e-01
6.253885713828382098e-01
6.272548927196696100e-01
6.287642664790971114e-01
6.303811608814284817e-01
6.319043234917318674e-01
6.334505738599681690e-01
6.351210594295759737e-01
6.372734312103546239e-01
6.392041309682182648e-01
6.414808531635486366e-01
6.439719856824651645e-01
6.467123284583538023e-01
6.497255687256240364e-01
6.527279291601736366e-01
6.553225085679589279e-01
6.578421225860896504e-01
6.597111771797457003e-01
6.610821414792600326e-01
6.619415748186673332e-01
6.623447319619250040e-01
6.621599645824653990e-01
6.616587074194953955e-01
6.607152476473813207e-01
6.596211060717276364e-01
6.584865125061152291e-01
6.574740815605935040e-01
6.565294538049298856e-01
6.557442224590848134e-01
6.551772236822309692e-01
6.547883404740864055e-01
6.549084394158294353e-01
6.554258988144932019e-01
6.562249495410983346e-01
6.571735438091169668e-01
6.581850029802994717e-01
6.594854426756577848e-01
6.610757093040745547e-01
6.625761285328163330e-01
6.639413858540799129e-01
6.652051289651708110e-01
6.660654570090273063e-01
6.664428138491919063e-01
6.665325015815856124e-01
6.663528357079232523e-01
6.660561644371791878e-01
6.655409207781770586e-01
6.646892105853253740e-01
6.636615613674143876e-01
6.626068680513377274e-01
6.616648461843891438e-01
6.606889259358579292e-01
6.603361743624083235e-01
6.603219698684177352e-01
6.604623965702302035e-01
6.608886800316411403e-01
6.616800825135695785e-01
6.628586554201745251e-01
6.646066913549540933e-01
6.663658757973238700e-01
6.679921753320590128e-01
6.691611218457296228e-01
6.700160391835706664e-01
6.704575372085447293e-01
6.705392651214101551e-01
6.704718923882189152e-01
6.700877224354552242e-01
6.691672992637870410e-01
6.678039028487249285e-01
6.659185356482687501e-01
6.638942282028748032e-01
6.617525579510298295e-01
6.600643501286922454e-01
6.583724019427444896e-01
6.569379244500838100e-01
6.557926489715328877e-01
6.546618751265885772e-01
6.537457236159955887e-01
6.532882439251095352e-01
6.533746645562107380e-01
6.539050671394169845e-01
6.547582802343149266e-01
6.561930980453970497e-01
6.576809420248010962e-01
6.597270595950549543e-01
6.621789610550029570e-01
6.647349040172038093e-01
6.673422184108919186e-01
6.697489605973716564e-01
6.720639086634895287e-01
6.741234626290160126e-01
6.758835198406183409e-01
6.773860017735768846e-01
6.783706635494125559e-01
6.789013518428583804e-01
6.789603082723991712e-01
6.782517722894784162e-01
6.771541173224532306e-01
6.761108895696686938e-01
6.750279689930505089e-01
6.737754975121897916e-01
6.723185636833417522e-01
6.704073743328372581e-01
6.683661193667712608e-01
6.667588723525446071e-01
6.657400677095305364e-01
6.650882755029198234e-01
6.648435897527429361e-01
6.647247810180014760e-01
6.645051088567802688e-01
6.641257368558284302e-01
6.638128733387920200e-01
6.638405704245007311e-01
6.644354849405150754e-01
6.648514152083568884e-01
6.647733101725601390e-01
6.643584930321491111e-01
6.637172888043643137e-01
6.631003111503259717e-01
6.625833358481391100e-01
6.620748377706092702e-01
6.615090019577086755e-01
6.608236240795453131e-01
6.595007939399556429e-01
6.577003243561103663e-01
6.561952935838519796e-01
6.546831143299457478e-01
6.529204464784077455e-01
6.509217948140367804e-01
6.491398826115560849e-01
6.473313389582341371e-01
6.456332017411349211e-01
6.440235577125027477e-01
6.426529692891683743e-01
6.417393881823211244e-01
6.409897944359870259e-01
6.403642365611228460e-01
6.402516891228547946e-01
6.409999780549221482e-01
6.424219933236200442e-01
6.440810063204727154e-01
6.459030691407265934e-01
6.481069248438319219e-01
6.509142288950433564e-01
6.539638855210935242e-01
6.570818363024896192e-01
6.603063553798277363e-01
6.631105457680994686e-01
6.652885382459416963e-01
6.666826622937211955e-01
6.676081622443356123e-01
6.683990759489265576e-01
6.691978858389138196e-01
6.696740296078094179e-01
6.695965893758776266e-01
6.690834984690331444e-01
6.682679916041278645e-01
6.672068472694718810e-01
6.661260776044880538e-01
6.651205755861636648e-01
6.641144375437738612e-01
6.631492239571684655e-01
6.620216437785488850e-01
6.605923397558109977e-01
6.588567476354496577e-01
6.570599082195002216e-01
6.552468395743390461e-01
6.532878464193067058e-01
6.515199867354883878e-01
6.495570860804817936e-01
6.474529028099378358e-01
6.450814268635610693e-01
6.431108026507701414e-01
6.415489155720597303e-01
6.404539101792289246e-01
6.398505460507049047e-01
6.391855573188360840e-01
6.387936193603848123e-01
6.388864265214904137e-01
6.388149372404962056e-01
6.388899821487686870e-01
6.391804251059106656e-01
6.397052541179231167e-01
6.398512579079564944e-01
6.397259025662822562e-01
6.394359492975454362e-01
6.390181867582563902e-01
6.385501788076275442e-01
6.378153403724069470e-01
6.368448788958954720e-01
6.358991564678091457e-01
6.345454995141832644e-01
6.328154647057563364e-01
6.310479399490755981e-01
6.292466034356825055e-01
6.277470648524399177e-01
6.265731015990290143e-01
6.258421321837116524e-01
6.256319817857115551e-01
6.256188083158827906e-01
6.259359328190901017e-01
6.263603226875095187e-01
6.274614573026080500e-01
6.289682392793295440e-01
6.306147552969992853e-01
6.323132064372091188e-01
6.337220770879048448e-01
6.352100422770255994e-01
6.366315247055681636e-01
6.381375367835088186e-01
6.397476114199969199e-01
6.416294007010190370e-01
6.436471524025016988e-01
6.453793130216050056e-01
6.472936740759724916e-01
6.494154205132223190e-01
6.513642682265216033e-01
6.534362489576104327e-01
6.543693802862015074e-01
6.543562723470123244e-01
6.541370568566191590e-01
6.536945532185111096e-01
6.526743552527763947e-01
6.510249224583486427e-01
6.490577421206149555e-01
6.467627687953515503e-01
6.444099370901660295e-01
6.420465979748060104e-01
6.397380205981783030e-01
6.379918250572632621e-01
6.366344193850357325e-01
6.354270802026936726e-01
6.340708130146872623e-01
6.328821091022722722e-01
6.314191759817514571e-01
6.300200415711179058e-01
6.284883964400986844e-01
6.269523853757974496e-01
6.255926537971636670e-01
6.242947052564309374e-01
6.226849702462686764e-01
6.213883762461990257e-01
6.198994806549239511e-01
6.184967896797551878e-01
6.170269621964525886e-01
6.160567369651247516e-01
6.150863009773681611e-01
6.138515617513709000e-01
6.127109505499915842e-01
6.112749007568363258e-01
6.097080779327369582e-01
6.082758539124006880e-01
6.063287601746817357e-01
6.042986642275188780e-01
6.019553712526249933e-01
5.995717775128853733e-01
5.967070467565134262e-01
5.936333729213807420e-01
5.905580038835446244e-01
5.867931871890121887e-01
5.824901985318017283e-01
5.777841102891705383e-01
5.730042893291271699e-01
5.682579013527332412e-01
5.634170496034095477e-01
5.588611643934183748e-01
5.538494683654845430e-01
5.489582359983322668e-01
5.443841215223172991e-01
5.399057518172153403e-01
5.356878698574031317e-01
5.318134883009049130e-01
5.279609434608217855e-01
5.241524079532475788e-01
5.202663792796241582e-01
5.165277231755994736e-01
5.131262723328828823e-01
5.101930422575454704e-01
5.078466272269269721e-01
5.056450931279623529e-01
5.034075116460376975e-01
5.014987414271715460e-01
4.998573841205521950e-01
4.985323115234038815e-01
4.970389279621182932e-01
4.956269492622926709e-01
4.941463945248137368e-01
4.923863004148811284e-01
4.908190150811940766e-01
4.891551799913160248e-01
4.875935308473019481e-01
4.863313166222028583e-01
4.848763741110917458e-01
4.836402216803414866e-01
4.825394262176445626e-01
4.815919659101972616e-01
4.811596471557459398e-01
4.812432281645330767e-01
4.817982448413917207e-01
4.826611366525551672e-01
4.837527419815494389e-01
4.851976772756728118e-01
4.867878394162667988e-01
4.886397557059516950e-01
4.908738061582765821e-01
4.931716665810048639e-01
4.954060144401374322e-01
4.972188354483730310e-01
4.991287689331206368e-01
5.005811655059524412e-01
5.018068875851525723e-01
5.004782220549895966e-01
4.968257113108096590e-01
4.919549023149670797e-01
4.835895595683972759e-01
4.715105984757975710e-01
4.582479243524525958e-01
4.454049062236717926e-01
4.335103259261078867e-01
4.230902968863880509e-01
4.147698352035186775e-01
4.083233451332239916e-01
4.086168533065829833e-01
4.126155030213282671e-01
4.190988739043099431e-01
4.299632953790729073e-01
4.430420060319537057e-01
4.576856964748451939e-01
4.731879018924842750e-01
4.876426916119936950e-01
5.010554127574903260e-01
5.136807742195016457e-01
5.248549409033007596e-01
5.320427764823311145e-01
5.375835345284366573e-01
5.422798857051327470e-01
5.455020740053742045e-01
5.488140170168258614e-01
5.516869812755469393e-01
5.546366363518665521e-01
5.571761180878295194e-01
5.591812565644378452e-01
5.604205059654195908e-01
5.605272169855199937e-01
5.605104588978364610e-01
5.599020230164027945e-01
5.586757559768937842e-01
5.572452656123484394e-01
5.549311479366648703e-01
5.525393626949859360e-01
5.498837996485737012e-01
5.475998120721915496e-01
5.453661598303000124e-01
5.429490564766573657e-01
5.406330177256148950e-01
5.379343275047749895e-01
5.354664968818664272e-01
5.329344088147061065e-01
5.307995840581516411e-01
5.289776949053306421e-01
5.275624519979715821e-01
5.265890098138834574e-01
5.254104221792427198e-01
5.247254531746611272e-01
5.243399950891977079e-01
5.242689044076123128e-01
5.249375561071661922e-01
5.263616996073980925e-01
5.283921834311769983e-01
5.306186081324336667e-01
5.334186148652709791e-01
5.362620300556820707e-01
5.393292982421487025e-01
5.426207778978175966e-01
5.458789090177160741e-01
5.490962225954123532e-01
5.518483077174383133e-01
5.543489987119046836e-01
5.565493659179990837e-01
5.588088291234033500e-01
5.612564292546454725e-01
5.634469254490859225e-01
5.653436800632711812e-01
5.667284896880555589e-01
5.680004197202027649e-01
5.689173281787300862e-01
5.696484523196468919e-01
5.703342236590144276e-01
5.704708913215182919e-01
5.700104607171643245e-01
5.685280553761662414e-01
5.663017290739964515e-01
5.638691532388322436e-01
5.616362283951282786e-01
5.592782530894461201e-01
5.569439217814642351e-01
5.550272226099141060e-01
5.535519956197859637e-01
5.520361005476918104e-01
5.510300027474278606e-01
5.502831310184318481e-01
5.499995198340690283e-01
5.501496243805740205e-01
5.502653818467320157e-01
5.501138405426200251e-01
5.500591618258250382e-01
5.496212570030614142e-01
5.487880008132359766e-01
5.478670251068820107e-01
5.472799930054313977e-01
5.465103187021290720e-01
5.459243786747821625e-01
5.452348322568021377e-01
5.444309404174831890e-01
5.438645450784868052e-01
5.435693965723759069e-01
5.436888076759350819e-01
5.447597626883372568e-01
5.465488424358903030e-01
5.487403805753862107e-01
5.510309818427873152e-01
5.533421362647055197e-01
5.555513994211028761e-01
5.579065248588164216e-01
5.598021391848644335e-01
5.614841745442972210e-01
5.626891670318120431e-01
5.634642280675870030e-01
5.633458168019196410e-01
5.628966776744424028e-01
5.622344498144431491e-01
5.614870172429473616e-01
5.608365808126621888e-01
5.604076717602819446e-01
5.596249608777256190e-01
5.587535084721527712e-01
5.573839854571419616e-01
5.560355514330705962e-01
5.545966158468551566e-01
5.531773190669830864e-01
5.513215798312331994e-01
5.492376925089983430e-01
5.470733272540702075e-01
5.448098687608839974e-01
5.423182966130994931e-01
5.403219339184796022e-01
5.383233978933839037e-01
5.364221913414484177e-01
5.341780786521923563e-01
5.319447619452781773e-01
5.302945147028665929e-01
5.293376439370923725e-01
5.289661074944659314e-01
5.291695258503269494e-01
5.297798598889129629e-01
5.308862753681125035e-01
5.324574288078436357e-01
5.344573038973335910e-01
5.371598253268680123e-01
5.403712314667860062e-01
5.438624953154866937e-01
5.469526647638809358e-01
5.495978100223221086e-01
5.518515727748579680e-01
5.534895385597238260e-01
5.549304229496051510e-01
5.560143283224874278e-01
5.566171989184705016e-01
5.569058899704678600e-01
5.564508562660479551e-01
5.557678854286218773e-01
5.549091732112346742e-01
5.544003734877599454e-01
5.542895200321613647e-01
5.544217394991458603e-01
5.550430295443290474e-01
5.555954401236099516e-01
5.563931877483953015e-01
5.572566229877953248e-01
5.582637628678566166e-01
5.597692929346845814e-01
5.615654944238153146e-01
5.634901604349090709e-01
5.654953718772881555e-01
5.676657744603319511e-01
5.704493986860766919e-01
5.734121696243671407e-01
5.766237365850565011e-01
5.803610273598376335e-01
5.842697910510438186e-01
5.881117245242389879e-01
5.916914335202236863e-01
5.948370954943759115e-01
5.973847422949989383e-01
5.993797910594125256e-01
6.004148561767128633e-01
6.006016511266365487e-01
6.001106729138599993e-01
5.989886762742698822e-01
5.972932589381348967e-01
5.951710950534733202e-01
5.932507059174956243e-01
5.920420568615654133e-01
5.914536523885473018e-01
5.915490118018791321e-01
5.927197427811731201e-01
5.949923774598271375e-01
5.977476759482487356e-01
6.012380024606146511e-01
6.050289090712007711e-01
6.089718690930392420e-01
6.131172720008922772e-01
6.159483221103670969e-01
6.171555137753969023e-01
6.177298124937012913e-01
6.178820543824514733e-01
6.174436542437579112e-01
6.164906173358459807e-01
6.155775717498522814e-01
6.146294953173613296e-01
6.140112880909242010e-01
6.138514042084745048e-01
6.141478123303830694e-01
6.154758939555966535e-01
6.173287339087037973e-01
6.192580700922390990e-01
6.210388794473477025e-01
6.228379996226832693e-01
6.246220945933417257e-01
6.264259128774197771e-01
6.282408674031499940e-01
6.302510550155596691e-01
6.319582803938370574e-01
6.330627465814392396e-01
6.336214060812396243e-01
6.340871688748687118e-01
6.346492813507531583e-01
6.351980057645927324e-01
6.352632283756737275e-01
6.347894483926256326e-01
6.340209810552265290e-01
6.326291429862681559e-01
6.305408205878237915e-01
6.282890351598492407e-01
6.258644261548232945e-01
6.234216151187494948e-01
6.207340640245964103e-01
6.180475746606632903e-01
6.149253281608544341e-01
6.120323525094947259e-01
6.090873428442321602e-01
6.055482357991983644e-01
6.019380409243788588e-01
5.984971910852985300e-01
5.951996914291076690e-01
5.919368904248976104e-01
5.882091045689493702e-01
5.841743028569161833e-01
5.801328111524992615e-01
5.766328483648068826e-01
5.731600708330802929e-01
5.700220843171456275e-01
5.669555487450305131e-01
5.638578095606096019e-01
5.605780173323787752e-01
5.569991144656144533e-01
5.532862712431835250e-01
5.501393031780148490e-01
5.473713407469160686e-01
5.446415599780872752e-01
5.419439019656585588e-01
5.392447902180421693e-01
5.367506036191340701e-01
5.343989126409822710e-01
5.320592729407196408e-01
5.299037126242415185e-01
5.285479419557388425e-01
5.282288687690860352e-01
5.284997506194896166e-01
5.283650427984503128e-01
5.276458201179538010e-01
5.264250542587145532e-01
5.248748922087359547e-01
5.228712238209793917e-01
5.202045079196409016e-01
5.164482423978953296e-01
5.116487572750034740e-01
5.041840724433940268e-01
4.930140124335536944e-01
