8.375204671992841909e-01
8.387171928447998415e-01
8.406884908867047201e-01
8.429866801978326274e-01
8.454757254467625271e-01
8.480157561404426669e-01
8.505009121773462466e-01
8.529026800968905198e-01
8.551675024107547873e-01
8.573043334959763451e-01
8.594404394425035898e-01
8.615376530323142212e-01
8.630231746938659132e-01
8.644418596592463588e-01
8.659729783667976521e-01
8.674993551914075285e-01
8.690136065466228521e-01
8.704911806044837164e-01
8.719059505696876711e-01
8.732752810679202948e-01
8.746121519442239256e-01
8.758917800147013599e-01
8.771440745644832893e-01
8.783143371147607015e-01
8.794124933525777621e-01
8.804081411646202948e-01
8.812936008476167649e-01
8.820371771882231648e-01
8.826658946039596110e-01
8.832006817010922273e-01
8.836165729713293393e-01
8.839330050783640313e-01
8.841717472041326076e-01
8.843476867807771313e-01
8.844877821370502602e-01
8.845694137322731576e-01
8.846082017854469681e-01
8.846323000104668877e-01
8.846618025229393556e-01
8.847012653814483318e-01
8.847401866935553638e-01
8.847990984761580080e-01
8.848651126282877089e-01
8.849380276056585393e-01
8.849688215220798959e-01
8.849658622278140374e-01
8.849530111988482828e-01
8.849301491756447202e-01
8.848886100553369216e-01
8.848315615871333861e-01
8.847191793623158107e-01
8.846117128608973479e-01
8.844640613644726423e-01
8.842757794014710626e-01
8.840374353228446225e-01
8.837832832686557394e-01
8.834978047805263079e-01
8.831769698213192132e-01
8.828368417109652144e-01
8.824382496357523475e-01
8.820581023033738921e-01
8.816438126754037041e-01
8.811930968282650767e-01
8.807295942804003186e-01
8.802606662102456792e-01
8.797818976240313615e-01
8.792774385291298733e-01
8.787623650877273151e-01
8.782406918955257824e-01
8.776775290095931714e-01
8.770518915059473120e-01
8.764028310217497619e-01
8.757535021798175112e-01
8.750870046262421154e-01
8.744477798221688136e-01
8.738523999220451088e-01
8.732732793656385883e-01
8.727399199024113985e-01
8.722825558585759476e-01
8.718566952389120717e-01
8.714959400912200005e-01
8.711748518979618439e-01
8.708621419607742720e-01
8.705487988548021860e-01
8.702279490046953558e-01
8.699074402612491097e-01
8.696122296596336954e-01
8.692719607262326953e-01
8.688623098059805594e-01
8.684490975976622007e-01
8.680381443846506562e-01
8.675839153246091007e-01
8.671321469827009132e-01
8.667009374284218026e-01
8.662815019873564282e-01
8.659385663567668034e-01
8.655327354265819340e-01
8.650305432849521026e-01
8.644814846439722311e-01
8.639419390010500965e-01
8.633274301503455206e-01
8.625947097881867531e-01
8.617931796341693484e-01
8.608228050150165123e-01
8.595950569230238481e-01
8.580508438657229453e-01
8.563442930117531882e-01
8.543999443238446956e-01
8.521687797096925143e-01
8.498053995273219252e-01
8.472297680163998201e-01
8.445803286784314690e-01
8.419635689026276903e-01
8.394259105013077704e-01
8.370156902662017062e-01
8.352466253740674640e-01
8.345002246306074678e-01
8.339380259842955612e-01
8.339324988147899242e-01
8.348225211584789918e-01
8.360663174993299140e-01
8.374964163715745702e-01
8.391957011721816739e-01
8.410477515491838751e-01
8.428156334089631496e-01
8.446433072608222625e-01
8.460311177633601520e-01
8.471136845913960212e-01
8.480959105351862926e-01
8.488917736124202973e-01
8.494539011376801563e-01
8.498388836639552135e-01
8.500218648085997586e-01
8.499690237488755074e-01
8.497496458608857495e-01
8.494064969855040781e-01
8.488626845872920823e-01
8.481995060965782374e-01
8.473846301323537666e-01
8.465132599615163844e-01
8.455224172509200331e-01
8.443489297893655987e-01
8.430594709167080758e-01
8.417026012160704340e-01
8.402416342837601970e-01
8.387961657707442287e-01
8.373255151329723756e-01
8.359253451146574365e-01
8.346014635239756840e-01
8.333798177525293394e-01
8.321337957688533793e-01
8.310774362723198916e-01
8.301836611971643576e-01
8.293879912553365763e-01
8.285921035120369371e-01
8.278260808736046528e-01
8.271421565241527940e-01
8.263962473558145172e-01
8.256470913658723321e-01
8.249427647145585185e-01
8.242719718811236662e-01
8.237262967892732268e-01
8.231998538264785337e-01
8.227140970342702309e-01
8.222339112920856730e-01
8.218712179297640308e-01
8.216124187878997009e-01
8.215317749655404178e-01
8.215694184967783364e-01
8.215582565038844765e-01
8.215723009347898342e-01
8.215563278360378252e-01
8.214959849424975369e-01
8.214194755101013046e-01
8.213681550679865495e-01
8.212862766486208610e-01
8.212179661829959176e-01
8.210708607256804736e-01
8.208741539068901139e-01
8.208378263763294047e-01
8.208022966114905117e-01
8.208853849760048282e-01
8.211344303833548741e-01
8.214900676968668325e-01
8.219746862849525160e-01
8.225087445428509447e-01
8.230049610409452265e-01
8.235961305020010892e-01
8.242861692985066213e-01
8.250107206394625692e-01
8.255289767071821716e-01
8.261780333452076741e-01
8.267734406892895960e-01
8.271956732132508261e-01
8.275822088450632830e-01
8.280473354382599238e-01
8.285043972881954710e-01
8.289245448000460703e-01
8.292927290369086490e-01
8.296826755924933128e-01
8.299439563034906042e-01
8.302556658316001537e-01
8.304535386531526342e-01
8.305951812141069146e-01
8.307345480234414881e-01
8.307530963988354333e-01
8.306537088195696805e-01
8.305225707634188437e-01
8.303730643275112344e-01
8.301991530881915882e-01
8.299715102911083831e-01
8.297546658071305314e-01
8.294132512437256688e-01
8.289590449659635096e-01
8.285213944712127576e-01
8.280394631796821336e-01
8.275104020836155927e-01
8.268981497107201761e-01
8.261841865091719139e-01
8.253927525005491095e-01
8.244510494848762416e-01
8.235175054553310892e-01
8.226007942231307046e-01
8.216884068459292534e-01
8.207959833030917807e-01
8.197499136193335811e-01
8.187739146434290793e-01
8.178044463892633065e-01
8.168733759046946652e-01
8.160127178902175649e-01
8.153012369069371212e-01
8.146279902804711703e-01
8.139898184127511982e-01
8.132856730706531367e-01
8.126116781526072641e-01
8.120149606480963067e-01
8.115479707209851679e-01
8.110458085923024640e-01
8.105853036514917287e-01
8.101789778446427670e-01
8.096683001675684110e-01
8.090934648972775145e-01
8.083898370724509341e-01
8.076534515282776105e-01
8.067562218380257555e-01
8.056317400868077128e-01
8.043482599446678538e-01
8.030769877944274882e-01
8.018513824755675312e-01
8.005632708055255842e-01
7.989763816896625626e-01
7.972589141154801107e-01
7.952986611405354900e-01
7.932579184768832059e-01
7.911304722657163113e-01
7.890403729590896864e-01
7.870075048904314752e-01
7.852588085637265403e-01
7.837795131441024354e-01
7.827060657833416757e-01
7.820072002735580785e-01
7.819421950137951383e-01
7.825371814582033902e-01
7.835100964752487185e-01
7.846232613426880054e-01
7.857301169162643761e-01
7.868327323635676551e-01
7.879138671621297441e-01
7.888822392090293345e-01
7.897614305130543633e-01
7.904874875620175878e-01
7.910382410836764855e-01
7.915481614774637631e-01
7.918438934593683420e-01
7.922384317386731434e-01
7.926432449074523046e-01
7.932098872062672834e-01
7.936658536592845481e-01
7.942143754147136248e-01
7.946102820666597344e-01
7.946912289760179604e-01
7.947185998030664722e-01
7.948348040030968065e-01
7.947417000932429643e-01
7.945294481639976203e-01
7.940611409641461504e-01
7.934604811566382532e-01
7.926872075358987191e-01
7.919843296173680880e-01
7.910642418208670978e-01
7.901792330001714548e-01
7.896000189923644275e-01
7.890744546110490809e-01
7.884990306775044866e-01
7.881645334417097803e-01
7.879958454047591987e-01
7.882133965268518505e-01
7.886800989359825653e-01
7.893797674949084575e-01
7.903441200313912063e-01
7.916631121541231053e-01
7.932060795317521507e-01
7.947478060770079011e-01
7.963527857540640964e-01
7.979745685141227396e-01
7.994948195140900715e-01
8.008232252174479759e-01
8.019793600945467338e-01
8.028951963244544965e-01
8.036320615555641034e-01
8.040660360946894070e-01
8.042680903831362915e-01
8.042444287788519386e-01
8.040031577932360562e-01
8.035714101224025185e-01
8.031070017232646574e-01
8.026470098552779264e-01
8.021454477355035584e-01
8.015357365537897349e-01
8.008520114049434424e-01
7.999934199612680485e-01
7.990740039310925136e-01
7.979584443854523812e-01
7.968638509295677963e-01
7.956323335593046275e-01
7.945358921107334993e-01
7.934080548649083964e-01
7.922600262757116818e-01
7.910613941062856203e-01
7.900103281071779726e-01
7.889107453511078338e-01
7.878378270133364891e-01
7.867909523078299161e-01
7.857758465351701860e-01
7.847435250766292558e-01
7.839655347018656961e-01
7.831904737726737009e-01
7.827046072141971012e-01
7.826394843781828703e-01
7.830117056487760907e-01
7.835541018373844979e-01
7.842731408888684586e-01
7.853475553334136050e-01
7.865046205571003535e-01
7.874405036473032249e-01
7.880844513938907170e-01
7.883261542365620489e-01
7.883400908210548286e-01
7.881962559490596210e-01
7.878237784695724111e-01
7.872465273575216527e-01
7.866920014436312725e-01
7.863539594090378504e-01
7.858860266358090874e-01
7.855468830657537094e-01
7.853773952747138409e-01
7.853946320022033856e-01
7.855817719031703561e-01
7.859515079193484244e-01
7.865609384080721744e-01
7.873310558048689511e-01
7.883402862199611061e-01
7.891545696802950705e-01
7.899525070037030083e-01
7.905384265092672003e-01
7.909450255209543590e-01
7.911106625789238178e-01
7.911754423510007905e-01
7.910392187429500233e-01
7.907648480621646270e-01
7.902657426370959248e-01
7.896581320901274736e-01
7.890347597274560698e-01
7.886465735502533603e-01
7.882261942095851737e-01
7.878865265365596615e-01
7.875912297300822207e-01
7.875519111983190212e-01
7.876530062515807451e-01
7.879451706778107800e-01
7.883151117164024502e-01
7.887345946953430165e-01
7.891688463193632375e-01
7.896023415404224144e-01
7.898046121441555378e-01
7.898760707784627799e-01
7.897583248795301269e-01
7.895485126313162016e-01
7.888781512784927008e-01
7.877602807837779109e-01
7.863151409365379818e-01
7.846803896913795429e-01
7.829432863252010488e-01
7.808960709196939298e-01
7.788126851154553165e-01
7.766578100003975749e-01
7.743152483966232458e-01
7.719219889148006830e-01
7.690992839693882033e-01
7.662143005806579810e-01
7.635070954676205224e-01
7.605721498514782519e-01
7.575883664339568835e-01
7.545765331943102838e-01
7.519063019416670768e-01
7.496315890520229841e-01
7.479917026537431513e-01
7.471605528390489193e-01
7.468280291429765239e-01
7.478418672120116240e-01
7.495579709255063561e-01
7.512732219664205457e-01
7.534756371646192941e-01
7.558749799866660846e-01
7.582807337592861741e-01
7.603946380337417432e-01
7.621790853338193950e-01
7.635162951969468592e-01
7.644419462661308229e-01
7.652262871369035491e-01
7.655423439898272342e-01
7.655712199260701345e-01
7.656173660459567598e-01
7.657241616735270817e-01
7.658410122830823230e-01
7.662184985962906536e-01
7.665887148026748754e-01
7.671775793914095143e-01
7.682135511563709107e-01
7.695997131449017203e-01
7.708419189826822837e-01
7.720665319279927941e-01
7.734491933144888032e-01
7.749575592350537168e-01
7.764489334654954833e-01
7.780006951441467145e-01
7.792876988272117167e-01
7.805622670446978884e-01
7.818116420633043351e-01
7.826528223057412914e-01
7.832553766802176076e-01
7.839369341571181815e-01
7.846144651173081463e-01
7.851291356063232474e-01
7.853830914493304949e-01
7.856122397037093030e-01
7.857053190967163703e-01
7.858721526871533802e-01
7.859271714567910294e-01
7.859592262455958878e-01
7.859424428624474102e-01
7.858457328970728240e-01
7.854131316221080183e-01
7.849714414174807642e-01
7.844630714034033225e-01
7.840144715575326773e-01
7.833632350043115977e-01
7.826773579011211401e-01
7.819220482602322608e-01
7.810806147472720840e-01
7.800556376034252226e-01
7.791767488548164700e-01
7.784824060358558340e-01
7.781230996931467470e-01
7.778065130190738863e-01
7.776706318647406135e-01
7.778482761846116089e-01
7.782176859470439911e-01
7.787742977703836500e-01
7.794462650821625260e-01
7.803877427388105081e-01
7.815601035998157586e-01
7.825686404492038228e-01
7.835545213213599425e-01
7.844161834633592845e-01
7.850669360429544108e-01
7.855281722343607775e-01
7.858530275321617964e-01
7.861720535957762435e-01
7.862165418262214711e-01
7.861523046691788474e-01
7.857141422911330109e-01
7.853472213372432176e-01
7.853628092989678455e-01
7.853552766564318999e-01
7.855441834855172445e-01
7.859690940947068327e-01
7.864587027860499013e-01
7.868949208417630459e-01
7.872859569681770475e-01
7.876104507833155965e-01
7.879443454505625777e-01
7.883364296650559044e-01
7.884322939915607842e-01
7.882129194587207399e-01
7.879977615644648825e-01
7.876341398504353997e-01
7.869959788297832270e-01
7.860826288600307743e-01
7.852019926800705152e-01
7.842599309242770378e-01
7.833372989423935673e-01
7.823678837976906220e-01
7.814671351046531544e-01
7.804384970960368539e-01
7.792598688465530721e-01
7.780907968930679264e-01
7.768941944669779387e-01
7.756117567150053738e-01
7.743733723703341010e-01
7.729577424883588010e-01
7.714948646117982811e-01
7.699119344781798491e-01
7.682227633357263663e-01
7.662458974464428918e-01
7.641274684316813337e-01
7.619934311822776918e-01
7.599322482212189644e-01
7.577768896098457940e-01
7.556981067669336083e-01
7.534869587868894270e-01
7.514240075191591650e-01
7.493202698175760457e-01
7.471701785468656265e-01
7.450215939237662122e-01
7.429979136767409509e-01
7.411295373737026848e-01
7.394436844980506462e-01
7.377152198189869114e-01
7.362995966758321131e-01
7.351629975045178567e-01
7.343306448499303807e-01
7.335760460251683490e-01
7.330494484728720117e-01
7.328290560952721577e-01
7.331921668496700351e-01
7.337289147811186796e-01
7.344195463757882125e-01
7.350670644310557389e-01
7.355899931522666968e-01
7.358707796104543286e-01
7.361222420951082368e-01
7.361791194232490954e-01
7.363935544820533474e-01
7.366546279422391263e-01
7.368345931091594414e-01
7.368163402078905522e-01
7.367412505558355029e-01
7.366765876310290562e-01
7.373348685870289021e-01
7.386146766581372924e-01
7.403623855235698104e-01
7.421731870721364199e-01
7.441496740228186191e-01
7.462750528290490459e-01
7.484969767359083148e-01
7.508188293960000870e-01
7.532702715593374565e-01
7.558339510619833668e-01
7.584045272623126666e-01
7.602011247956851347e-01
7.615142117786829479e-01
7.624750365840210486e-01
7.632958958056885734e-01
7.640766458740168021e-01
7.647974487637367869e-01
7.653064125570794296e-01
7.656277385567040739e-01
7.657282410556007779e-01
7.657252281866350208e-01
7.655884742039225088e-01
7.654715243382523848e-01
7.655305246264181296e-01
7.656915641898311975e-01
7.657203223094953826e-01
7.655501238535749042e-01
7.650720591685561400e-01
7.645062189681501863e-01
7.640676325062616403e-01
7.635489369860176678e-01
7.627484885322272090e-01
7.617137618095817242e-01
7.610062075336375687e-01
7.601382128796685400e-01
7.593574460948381288e-01
7.589210406940825049e-01
7.587180981162805482e-01
7.588878942934677019e-01
7.592452230130108948e-01
7.597387527187391409e-01
7.607728434574428933e-01
7.623448989633798689e-01
7.644137821826368917e-01
7.663203292830208513e-01
7.683129082349565708e-01
7.700724535641206847e-01
7.716027702363560392e-01
7.731043276883158288e-01
7.743454498916313433e-01
7.754300167755666662e-01
7.763402719938298224e-01
7.767851472134216229e-01
7.769837052054456850e-01
7.770287303768136367e-01
7.771083401718827943e-01
7.772324868707592982e-01
7.775175551764909043e-01
7.779401892159413245e-01
7.783691866067200538e-01
7.787980384891045604e-01
7.789482085701331382e-01
7.791205832297224410e-01
7.794557544493849743e-01
7.796284004376125010e-01
7.796824890403002417e-01
7.795516339683097318e-01
7.791121707932359142e-01
7.784944491404488520e-01
7.777216891107243679e-01
7.768503950892973187e-01
7.758406043222539905e-01
7.747294481521550535e-01
7.736921301059934697e-01
7.723540860023261345e-01
7.708531879781814755e-01
7.694557448370624719e-01
7.681177374123049351e-01
7.671123982410645858e-01
7.660962851418376962e-01
7.652371442688398195e-01
7.645273633191623786e-01
7.642575457542490902e-01
7.644784558245070194e-01
7.647102105048909637e-01
7.652001830157993956e-01
7.658354346271393220e-01
7.664724041288933920e-01
7.670460692714911044e-01
7.676563611979404511e-01
7.682530921455026363e-01
7.687667712565611211e-01
7.693849085249871989e-01
7.696830039488704589e-01
7.697306575279903029e-01
7.696331519597104931e-01
7.696256701047603510e-01
7.697013119553391958e-01
7.696957656597296360e-01
7.697969638298219897e-01
7.699125981245887873e-01
7.701014791581791696e-01
7.702528761598861351e-01
7.703767438157164138e-01
7.706829544391831099e-01
7.708491816908842331e-01
7.709569044029174201e-01
7.710920333484689859e-01
7.711079344506218680e-01
7.710580882483083487e-01
7.709414273320671640e-01
7.706500191972630587e-01
7.704591182974765973e-01
7.701782709930733439e-01
7.697606252361729462e-01
7.694371906946918527e-01
7.694905782322016830e-01
7.696202241575932357e-01
7.698605489721952466e-01
7.700159973700946292e-01
7.702996461836426612e-01
7.706821416812780212e-01
7.713120118259950697e-01
7.718301750900841141e-01
7.726047611318492825e-01
7.733816438492926437e-01
7.740518758849765923e-01
7.746247385223962167e-01
7.752026915941004903e-01
7.756395037313335017e-01
7.761929516337969792e-01
7.767616830165802178e-01
7.772365980655739914e-01
7.777063720358393661e-01
7.781333668745771259e-01
7.783180666238043166e-01
7.784065941227105156e-01
7.784773502373637522e-01
7.785720485195153362e-01
7.785778328811940874e-01
7.784515534834759443e-01
7.780421933037811044e-01
7.775921957567959453e-01
7.771063306883170263e-01
7.766018850451580358e-01
7.759353414140118810e-01
7.752228029235438411e-01
7.743900460120892726e-01
7.735887049536679383e-01
7.727881152484012972e-01
7.720816982062691514e-01
7.714099920410603106e-01
7.706740931877985590e-01
7.699486815528995276e-01
7.690750296891960547e-01
7.681317126612291490e-01
7.672328190073781640e-01
7.664782168690551512e-01
7.654608993166082120e-01
7.643160152798194051e-01
7.631675984989105821e-01
7.617165649126211857e-01
7.599728985608414922e-01
7.579769741912736336e-01
7.558143676979717229e-01
7.539321722648167912e-01
7.520370330325757413e-01
7.502085058787402172e-01
7.485518001944337918e-01
7.472023959517771763e-01
7.461054141442519105e-01
7.450761011237601039e-01
7.444971914211450104e-01
7.440228403974277205e-01
7.435335992404396022e-01
7.433820093840908250e-01
7.426149875733243366e-01
7.415014568850540888e-01
7.401610974470606008e-01
7.386342140174976256e-01
7.370827669799999704e-01
7.357515688124853792e-01
7.351251051864606811e-01
7.349098419194712850e-01
7.361313111710177104e-01
7.382361640013328508e-01
7.405911412261768634e-01
7.435385558147785678e-01
7.464708187357009805e-01
7.492739497756303324e-01
7.516968916396101763e-01
7.536819468375935971e-01
7.550763872866027571e-01
7.559991688917211405e-01
7.564773366110650876e-01
7.565437072249610040e-01
7.565053907355776541e-01
7.565140940712801187e-01
7.566761969062362203e-01
7.569883913143279353e-01
7.574150192000352888e-01
7.579239328055641378e-01
7.583989692081387624e-01
7.588741844871300657e-01
7.591623778095416553e-01
7.595136639970234693e-01
7.595170913908314558e-01
7.595408748443438496e-01
7.594945159678897495e-01
7.591274729022240431e-01
7.584773314196389116e-01
7.578653044861097809e-01
7.571853677941455807e-01
7.566272381216807563e-01
7.559998426902591051e-01
7.552387357288384839e-01
7.545804901072272752e-01
7.541445831542260558e-01
7.535927367463308713e-01
7.531210459862180961e-01
7.528806345386587218e-01
7.527701511543962720e-01
7.524830910063979861e-01
7.522651113540008705e-01
7.520296842204641230e-01
7.521699380195088214e-01
7.526009497678810556e-01
7.527572942491106422e-01
7.529023940580873431e-01
7.528080741455435154e-01
7.524212278446230640e-01
7.519400840986166790e-01
7.512020944629552721e-01
7.506080661112682906e-01
7.499075004114894583e-01
7.491103757962845888e-01
7.481141043142207625e-01
7.468722978067595664e-01
7.457592804137975762e-01
7.448509223576227356e-01
7.441542787865709219e-01
7.438583350228147317e-01
7.434906733598656281e-01
7.434591061736841588e-01
7.433920576520274270e-01
7.433647677466723724e-01
7.433178415274099837e-01
7.434532472957896543e-01
7.436708487874463813e-01
7.438491273384016944e-01
7.440806389530690845e-01
7.444301954272527500e-01
7.448024418535296176e-01
7.454222606889787661e-01
7.458675713594152823e-01
7.464183497794624200e-01
7.471784284555110789e-01
7.480605256724125462e-01
7.488254574571890920e-01
7.495673241342223347e-01
7.501965517248201376e-01
7.507049831632528480e-01
7.509003528808341210e-01
7.508731295924027105e-01
7.505283128475119803e-01
7.500271574427611609e-01
7.493643591661891534e-01
7.485768788866462575e-01
7.476957609187288023e-01
7.468207093733746360e-01
7.461282145954113432e-01
7.455210583392418711e-01
7.447220133222093308e-01
7.438638307777546421e-01
7.430638386160792752e-01
7.424390606563497919e-01
7.418245275970501984e-01
7.409857679924419793e-01
7.401757222013273241e-01
7.393561974765497924e-01
7.382821149635719893e-01
7.370383504981512512e-01
7.359335813132924509e-01
7.347842389701388921e-01
7.338026371552844873e-01
7.329129561897700373e-01
7.321428964745695378e-01
7.314539162028073083e-01
7.309908311728601227e-01
7.308275823408796334e-01
7.306954894557793345e-01
7.308989530369873755e-01
7.311900388485964575e-01
7.312454518897317790e-01
7.314961908449465477e-01
7.317467050507424631e-01
7.318717521305428964e-01
7.318385030440891503e-01
7.319179376873593545e-01
7.320218354241806447e-01
7.321568846769596073e-01
7.323467851831920727e-01
7.326370467348386484e-01
7.329164053510217602e-01
7.334131915777649668e-01
7.339513983430319133e-01
7.344891336708432306e-01
7.350480589852583790e-01
7.358315735027282090e-01
7.363385254754644116e-01
7.368394917045720804e-01
7.374386162961458213e-01
7.378217225232471810e-01
7.382179993994464340e-01
7.386286212763506498e-01
7.389598412798437099e-01
7.391422122092859981e-01
7.391893664248402329e-01
7.390504733857399255e-01
7.388714161782187206e-01
7.388681139611324999e-01
7.388142006571742915e-01
7.388199358981752951e-01
7.387817235881878331e-01
7.386177497757997479e-01
7.382537757120247734e-01
7.379422217509619131e-01
7.376518553122206612e-01
7.373980804115509713e-01
7.369631634807736198e-01
7.366974752771667800e-01
7.362761212447135328e-01
7.356436395634493586e-01
7.348172684218583495e-01
7.340824183926469848e-01
7.332370586986559635e-01
7.323664786589751952e-01
7.314160555145656772e-01
7.306327406115616929e-01
7.300382463220054241e-01
7.297870522789617898e-01
7.294116958152294661e-01
7.293496778613363096e-01
7.295182045247378122e-01
7.300748505532452803e-01
7.304720332501174473e-01
7.308423825892600423e-01
7.310864570848221167e-01
7.311786576283597627e-01
7.311016239286758367e-01
7.307423196512221608e-01
7.301643453289173857e-01
7.297031325367667742e-01
7.287537770746718158e-01
7.275653837249180800e-01
7.261546677187801224e-01
7.245919507988362041e-01
7.228660573188692151e-01
7.211342858322947746e-01
7.191144891571749076e-01
7.169071005867899693e-01
7.147571624773986221e-01
7.126063333024703628e-01
7.101900915756999000e-01
7.083300600410717962e-01
7.065711402022843979e-01
7.049978759618823476e-01
7.040196373110911843e-01
7.034374860247812888e-01
7.029830889143711126e-01
7.029704811721826374e-01
7.031800184230977413e-01
7.030553569124483593e-01
7.029356867027288791e-01
7.025707947056305525e-01
7.015906223319450241e-01
7.004642088109468423e-01
6.992217119574645201e-01
6.973992384550683488e-01
6.955291417322528869e-01
6.938847961791535512e-01
6.926084356938023712e-01
6.916427303371429636e-01
6.913154059868860113e-01
6.919328617605000620e-01
6.936498229131852211e-01
6.961267401755528716e-01
6.991123116844157881e-01
7.020920727890629376e-01
7.052695491339240341e-01
7.083602336399726918e-01
7.112860899570944140e-01
7.140309666966687674e-01
7.163360069217232784e-01
7.183851298579123634e-01
7.199712865068343959e-01
7.209769031401441763e-01
7.215368906193307952e-01
7.218497765935784072e-01
7.222564447702638502e-01
7.226361378267226465e-01
7.230927374486901815e-01
7.232766787274201858e-01
7.232763510168003229e-01
7.232691024247719369e-01
7.231903855182169050e-01
7.230091286971873643e-01
7.228179559481070493e-01
7.228116899442759147e-01
7.228238302486982292e-01
7.226517592045309524e-01
7.223763574326954595e-01
7.222818415822568339e-01
7.222334430832932917e-01
7.223712569008722273e-01
7.227969863909398107e-01
7.231473898883437057e-01
7.237034505680746133e-01
7.243820111092460490e-01
7.252100252071106423e-01
7.260042847510617126e-01
7.268398954191884753e-01
7.277618470172305676e-01
7.286554832034778384e-01
7.295213417186277027e-01
7.302349709530989719e-01
7.308280477788856588e-01
7.311459157396155151e-01
7.310821241669028803e-01
7.308580241039643877e-01
7.305870660694944174e-01
7.304726922268927058e-01
7.302526473952516417e-01
7.301425466893770588e-01
7.300656449478879484e-01
7.299093520018594683e-01
7.300586563365797366e-01
7.303496373250241147e-01
7.307017357405882763e-01
7.311462295422544999e-01
7.313019348000986408e-01
7.304204097670443652e-01
7.285913525301432880e-01
7.257489562714621867e-01
7.216257125277890649e-01
7.163243494201487760e-01
7.097189262148742017e-01
7.011181988067355375e-01
6.901721268275093912e-01
6.757620504512505955e-01
6.564240843719509888e-01
