8.692040573153025917e-01
8.703441181039932584e-01
8.721207170699922795e-01
8.741958658629535028e-01
8.764210210818356162e-01
8.786637529746879061e-01
8.808058508930528552e-01
8.827995774399313156e-01
8.846277159416441327e-01
8.863064357128804804e-01
8.879307148345058076e-01
8.895460962167277552e-01
8.905942093055592146e-01
8.916247407932778035e-01
8.927712213149342491e-01
8.939144405569187102e-01
8.950347749562876931e-01
8.961298088720951460e-01
8.971742425750710570e-01
8.981604822044573222e-01
8.990815881343231508e-01
8.999560587087805930e-01
9.008201454175935874e-01
9.016209511918708008e-01
9.023624394396356774e-01
9.030188439913922060e-01
9.035793792005843983e-01
9.040065400112680116e-01
9.043286862238147927e-01
9.045777263612401198e-01
9.047428551641351069e-01
9.048464047228953477e-01
9.048938886995616659e-01
9.049002133096064604e-01
9.048758784272220579e-01
9.047931408652233332e-01
9.046743716424781034e-01
9.045613095926958724e-01
9.044716484990010796e-01
9.044061589626766207e-01
9.043420739872458647e-01
9.042802454916508692e-01
9.042081909172150489e-01
9.041215993905873383e-01
9.039795192886044273e-01
9.038170230211562961e-01
9.036742326154786342e-01
9.035304825486122349e-01
9.033631444318925841e-01
9.031869042914172363e-01
9.029657821872068002e-01
9.027385740708601114e-01
9.024791057973911013e-01
9.021923930963356986e-01
9.018673076636805064e-01
9.015350537430573130e-01
9.011602455139153811e-01
9.007344813430002706e-01
9.002838411324590728e-01
8.997668004367977979e-01
8.992614527914145617e-01
8.987173223193180016e-01
8.981689745638478106e-01
8.976152024335048996e-01
8.970606293407458187e-01
8.964980194007783343e-01
8.959091551714610802e-01
8.953333037189251664e-01
8.947501056670772446e-01
8.941394959887705163e-01
8.935008410638123344e-01
8.928428617999052408e-01
8.921962738722003516e-01
8.915046266569222055e-01
8.908234410210834620e-01
8.901785278753775454e-01
8.895468668580720495e-01
8.889663500461210122e-01
8.884507836695277883e-01
8.879731560904986498e-01
8.875548818930255601e-01
8.871600792189499041e-01
8.867935977998080421e-01
8.864106624982993621e-01
8.860252731441095042e-01
8.856637607821471470e-01
8.853400024699874526e-01
8.849848665796101743e-01
8.845949656887390766e-01
8.841947187624461524e-01
8.837891736605711923e-01
8.833230057589199768e-01
8.828596033370444962e-01
8.824056385375332878e-01
8.819652640866574300e-01
8.816009668098894192e-01
8.811809296469853559e-01
8.806624049818508881e-01
8.800830917105265661e-01
8.794887058555380666e-01
8.788394435384996317e-01
8.780625345107688773e-01
8.772165859884973882e-01
8.761992713415770462e-01
8.749139485732503330e-01
8.733113052538984400e-01
8.715456355857095216e-01
8.695224637977588822e-01
8.672106606124094785e-01
8.647629450287287467e-01
8.621286586084142556e-01
8.594139213816618383e-01
8.567565385644982934e-01
8.541999922019369862e-01
8.517652942451510167e-01
8.500057081880194598e-01
8.492646259812697274e-01
8.487136111039498276e-01
8.487155856181527458e-01
8.496209975132287262e-01
8.508658129171308149e-01
8.522623058995516532e-01
8.539268128065716779e-01
8.557343113223471187e-01
8.574523445690821477e-01
8.592351666903719210e-01
8.605596583181346348e-01
8.616049259323836917e-01
8.625383330388545211e-01
8.632719239721804438e-01
8.637679059348406518e-01
8.641178744963663449e-01
8.642572888965475153e-01
8.641553898520002441e-01
8.638786987167458298e-01
8.634530786145271364e-01
8.628328490507485293e-01
8.620953851348541752e-01
8.611992352377743076e-01
8.602542948797755606e-01
8.592201524981604166e-01
8.580475988153333233e-01
8.567486507062929135e-01
8.554007259484690540e-01
8.539516896465800810e-01
8.525274096597313944e-01
8.511113876938517508e-01
8.497517612873942694e-01
8.484552109383445284e-01
8.472442415278825800e-01
8.460082907838679667e-01
8.449481140554266911e-01
8.440171647120457976e-01
8.431573864019588083e-01
8.423031192534652378e-01
8.414854602668907502e-01
8.407558353984305732e-01
8.398982332350063418e-01
8.390462217215098883e-01
8.382397905031488961e-01
8.374856432166348785e-01
8.368595128229806557e-01
8.362630320328856559e-01
8.357063970036746614e-01
8.351914147582389925e-01
8.348194060426713525e-01
8.345585911861226336e-01
8.344646806636312197e-01
8.345447209817161704e-01
8.345533899157222546e-01
8.345957206593003219e-01
8.345886139230682677e-01
8.345357529785990547e-01
8.344683493494420290e-01
8.344267404962735224e-01
8.343441114895031596e-01
8.342483508081370847e-01
8.340465486118340266e-01
8.337835756001685805e-01
8.336451197775720523e-01
8.335383486023831834e-01
8.335576434954156122e-01
8.337613518602373652e-01
8.340602016095481908e-01
8.344881053885014888e-01
8.349537115327536618e-01
8.353552643194229743e-01
8.358490299074460284e-01
8.364292959288863738e-01
8.370588450820499737e-01
8.375224109113730275e-01
8.381258969899008093e-01
8.386578552547581111e-01
8.390238672524290564e-01
8.393687708243332546e-01
8.397842980593028805e-01
8.401932157157537828e-01
8.405865436118347134e-01
8.409419657616130639e-01
8.413373483895745242e-01
8.416280378915423910e-01
8.419390313096050127e-01
8.421190435011584041e-01
8.422793191291902959e-01
8.424111051749729739e-01
8.423945258781501133e-01
8.422624550461303983e-01
8.420861341943708389e-01
8.418734365920295115e-01
8.416234131553989029e-01
8.413180455508290079e-01
8.410197844402430567e-01
8.405864422018546334e-01
8.400403436830804482e-01
8.394792809482165552e-01
8.388740656949180696e-01
8.382341226545272361e-01
8.375099379090680252e-01
8.367119022916188475e-01
8.358438964220847867e-01
8.348415942382002575e-01
8.338559719270158821e-01
8.329032311778054032e-01
8.319966123942778014e-01
8.311342452470305009e-01
8.301256076793853689e-01
8.291917304598324101e-01
8.282599630753544329e-01
8.273790637866508257e-01
8.265540598139623496e-01
8.258791703352065250e-01
8.252227726096951210e-01
8.245817588130954778e-01
8.238281180858325614e-01
8.230883579960484031e-01
8.224064813915796801e-01
8.218571785743185032e-01
8.212675784275249580e-01
8.207153484851211767e-01
8.202040689037410903e-01
8.195880645542484855e-01
8.189052983281663867e-01
8.181024556384924873e-01
8.173115294047033075e-01
8.164344833234297161e-01
8.153519988818815900e-01
8.141269139405210575e-01
8.129244790999218262e-01
8.117860559844800594e-01
8.105980796915760456e-01
8.091162849723391171e-01
8.075078022316046766e-01
8.056453521700497333e-01
8.037312037533379527e-01
8.017070357690215809e-01
7.996886825919794495e-01
7.976686129531188607e-01
7.959081408551550441e-01
7.943785662209481568e-01
7.932354865171257208e-01
7.924860434542506660e-01
7.923901260448621420e-01
7.929486425424244755e-01
7.939189563895431290e-01
7.949865717679688304e-01
7.960287411206011798e-01
7.970699030452780276e-01
7.981256039663797708e-01
7.990621617727917680e-01
7.999252038932416209e-01
8.006270127970387396e-01
8.011521488289927717e-01
8.015935861007269514e-01
8.018197347154476518e-01
8.021228305375011081e-01
8.024743095965486406e-01
8.029819003106423159e-01
8.033819622089264367e-01
8.038495381870283119e-01
8.041922820364723057e-01
8.042312780519896842e-01
8.042281315056287738e-01
8.043091656645898757e-01
8.042190922262382191e-01
8.040156942460062739e-01
8.035365835338672547e-01
8.029101738719730541e-01
8.021378018348801486e-01
8.014386420303729608e-01
8.005524407056637815e-01
7.996738209195347613e-01
7.990727065682854402e-01
7.985220519750142465e-01
7.979024343552262311e-01
7.974753099821638713e-01
7.972144755766954471e-01
7.973612316056484239e-01
7.977583475275299429e-01
7.983551709665205331e-01
7.992314171413643642e-01
8.004491211856991084e-01
8.019368981418875109e-01
8.034792776189181307e-01
8.051043447873351688e-01
8.068097730780678933e-01
8.084430558051564075e-01
8.098932616233927018e-01
8.111527169491729028e-01
8.121782022976715698e-01
8.130456984395825204e-01
8.136139654680706323e-01
8.139661638409655398e-01
8.140612328511472873e-01
8.139411883619418475e-01
8.136187901262621480e-01
8.132584992120750478e-01
8.129070103163734684e-01
8.125157556624075239e-01
8.120368677343841046e-01
8.114845214669926809e-01
8.107378039865180686e-01
8.098505473946705502e-01
8.087385231576090794e-01
8.076377617272905152e-01
8.063469385793528010e-01
8.052122426993456594e-01
8.040464587496365390e-01
8.028351264654702835e-01
8.015659045947785000e-01
8.004579192727050430e-01
7.993003761751437120e-01
7.981884406672983268e-01
7.971609324137447494e-01
7.961929209911836614e-01
7.952459928389444821e-01
7.946103728350423223e-01
7.939663135516877857e-01
7.936216752842922828e-01
7.936979417289311556e-01
7.942012459628748910e-01
7.948185169994159693e-01
7.955881902499920555e-01
7.966611363661160183e-01
7.978358345514912076e-01
7.987546543963290890e-01
7.993295107682218958e-01
7.994855070040952638e-01
7.993874105808690400e-01
7.991084064867330916e-01
7.985824068236113682e-01
7.978296812976620744e-01
7.971846197703453818e-01
7.967856226708824874e-01
7.963343618983170780e-01
7.959761244890166676e-01
7.957974561589745699e-01
7.958148953841153173e-01
7.959482091744835008e-01
7.962718083540784031e-01
7.968123985307851154e-01
7.975245662228682697e-01
7.984990147087419610e-01
7.992465744847567777e-01
7.999673712653738722e-01
8.004366712179145082e-01
8.007287276732565351e-01
8.007741489200337348e-01
8.007188065266616084e-01
8.005194668316027995e-01
8.001475304255460941e-01
7.995659773665388936e-01
7.988668200013996357e-01
7.981194919059262372e-01
7.975715481956225927e-01
7.970075762265695918e-01
7.965072919765311399e-01
7.960649143768310232e-01
7.959031425910054747e-01
7.958970060989538631e-01
7.960504445012072106e-01
7.963110136004643014e-01
7.966373528798110781e-01
7.970020721312821577e-01
7.973832823954931648e-01
7.975806933552087585e-01
7.976671682072217218e-01
7.975791266602808571e-01
7.973982674990256481e-01
7.967269737501340154e-01
7.956214103451761943e-01
7.942018537772256304e-01
7.926018295070161868e-01
7.909029083665317650e-01
7.888713942731229167e-01
7.868106383101881596e-01
7.846911984061980538e-01
7.823597659414454064e-01
7.799978038921924206e-01
7.771910302811939619e-01
7.743134628105325934e-01
7.715737413565267877e-01
7.686187386397507204e-01
7.656065395432963827e-01
7.625629066555191793e-01
7.598595093715080351e-01
7.575302022344788666e-01
7.558238281750276899e-01
7.549188822615787720e-01
7.544811017089559924e-01
7.554058323364244432e-01
7.570815402742681055e-01
7.588211549351170371e-01
7.610625647251905157e-01
7.634989172118886724e-01
7.658625974863703112e-01
7.679653726262194446e-01
7.697388592609692992e-01
7.710391279198867132e-01
7.719596446025949188e-01
7.727832734244300950e-01
7.731377523165714472e-01
7.731778720451886189e-01
7.732076084779110348e-01
7.732576299874415193e-01
7.733319171473652665e-01
7.737363674245152367e-01
7.741006159705302592e-01
7.746834100391444267e-01
7.756685300356439550e-01
7.769637573157098798e-01
7.780989975415839588e-01
7.792268653182902183e-01
7.804787843181341112e-01
7.818349012300449541e-01
7.832323651586400315e-01
7.846853389141283941e-01
7.858642565930148427e-01
7.870561575563229662e-01
7.882319246678617386e-01
7.890685426531103275e-01
7.896836824110032849e-01
7.903393520771736513e-01
7.909761684719665009e-01
7.914937462892842612e-01
7.917855546003892409e-01
7.920180456523536749e-01
7.921306481869344607e-01
7.923038527917108942e-01
7.923691334753081295e-01
7.923917488539694576e-01
7.923146340402646981e-01
7.921845410272070342e-01
7.917906462509413101e-01
7.913961750615704505e-01
7.908860859975658242e-01
7.903950326621458355e-01
7.897159444385397631e-01
7.889644232821609870e-01
7.881355519289852118e-01
7.872046406346523417e-01
7.860862687452583319e-01
7.851222930286860802e-01
7.843448223154002585e-01
7.838813574284141383e-01
7.834523919315461438e-01
7.832466807149742749e-01
7.833791910057007479e-01
7.836923694604919222e-01
7.842224578183637496e-01
7.849054295378363744e-01
7.858722011836225541e-01
7.870874321931501383e-01
7.881548546317916903e-01
7.891973260534022039e-01
7.901544716536837987e-01
7.908684522296357544e-01
7.913489964082816019e-01
7.916523730288165250e-01
7.919592328061059172e-01
7.919746454340996777e-01
7.918630283740126785e-01
7.914098248560168525e-01
7.910156980398709292e-01
7.909804742971231484e-01
7.908830361950712762e-01
7.909675647334040161e-01
7.913328011955119701e-01
7.917702053008898178e-01
7.921769686762980545e-01
7.925607669976147962e-01
7.929058842666016904e-01
7.933034091381353514e-01
7.937317356208277719e-01
7.939078547002944575e-01
7.938079727147420162e-01
7.937525797564455310e-01
7.935096673590641414e-01
7.929623756732760986e-01
7.921206242241399798e-01
7.913062609946842629e-01
7.904006129793675894e-01
7.894963805431025605e-01
7.884751220032398811e-01
7.875273864818126413e-01
7.864273686051125312e-01
7.851911770964690174e-01
7.839266154220743132e-01
7.827309884267553697e-01
7.814925842391370336e-01
7.803181973537690608e-01
7.790005909732599099e-01
7.776532613227529200e-01
7.761963510783601583e-01
7.746730118490471328e-01
7.728890000647786751e-01
7.709718603749154964e-01
7.690353455083070999e-01
7.671963488556112765e-01
7.652259939779902931e-01
7.632527107095986585e-01
7.611347337095986099e-01
7.591586004976957902e-01
7.571323086327347296e-01
7.550492915253875781e-01
7.529737300552153956e-01
7.510093031312468081e-01
7.491825165066993142e-01
7.475125885688741478e-01
7.457755045847365150e-01
7.444024022740662883e-01
7.433540135462836096e-01
7.426580125864745696e-01
7.420565563100159912e-01
7.416995909787581498e-01
7.416195219781664960e-01
7.420701073511415391e-01
7.426544739884224366e-01
7.433956761529931789e-01
7.440645316272636034e-01
7.446218066377996436e-01
7.448538253820651267e-01
7.450283316788257615e-01
7.449844049623972619e-01
7.450639105413946472e-01
7.451629437508960896e-01
7.451847471571838577e-01
7.450097837788551836e-01
7.448257065951299216e-01
7.446604606063728093e-01
7.452146212668534497e-01
7.463896706671742098e-01
7.480679611915033167e-01
7.498220303942286780e-01
7.517581259597854171e-01
7.538737710387691804e-01
7.560547919825708618e-01
7.583153730543774618e-01
7.607452977465262167e-01
7.632920347955479690e-01
7.658248705108404719e-01
7.675882154036846039e-01
7.688577715847871863e-01
7.697643138254358641e-01
7.705294118216464705e-01
7.712377444794888959e-01
7.718792391944633291e-01
7.723409026989954684e-01
7.726693938940898398e-01
7.727440941827715681e-01
7.727263806873150287e-01
7.726316487273705569e-01
7.725514516095098871e-01
7.726443562037320634e-01
7.728343200006204672e-01
7.728628339008666304e-01
7.726448146786227822e-01
7.720843961859794602e-01
7.714237003258198611e-01
7.708442146728454736e-01
7.702140130412870045e-01
7.693006393735968285e-01
7.681213014033735353e-01
7.672681882943506171e-01
7.662842782415943965e-01
7.653536392751683071e-01
7.647758214676561028e-01
7.645194825672090300e-01
7.646824247834776989e-01
7.650509326325131143e-01
7.655536630167804057e-01
7.665318675607336596e-01
7.680393323029305330e-01
7.700658800469050158e-01
7.719381444169066686e-01
7.738876324076360280e-01
7.756916160489384371e-01
7.773177680788708743e-01
7.788495272388592516e-01
7.801322439590306912e-01
7.812310697739208720e-01
7.821941488073493876e-01
7.827580295525649046e-01
7.830392424727926626e-01
7.831540797441576274e-01
7.832952418407024275e-01
7.834112602970372263e-01
7.836139403346603638e-01
7.838455008009456160e-01
7.841308956697782273e-01
7.843897962265312662e-01
7.843793709743684950e-01
7.843482263297705259e-01
7.844953123975988429e-01
7.845254713221169185e-01
7.844743438991208517e-01
7.842469763872050859e-01
7.837910134095682491e-01
7.831670756064293970e-01
7.824828162935786313e-01
7.816555630804901122e-01
7.806893697206853666e-01
7.796391189498336205e-01
7.786482583765420573e-01
7.773258927554529407e-01
7.758809921299253398e-01
7.745302354890445384e-01
7.732717946577162271e-01
7.722822723001367962e-01
7.713156519429221758e-01
7.704246255280787770e-01
7.697012712602412376e-01
7.694597162512045729e-01
7.697210074716231976e-01
7.700347796226931774e-01
7.705962618900937811e-01
7.712648493038718467e-01
7.719287164269428292e-01
7.724871237573609495e-01
7.731282973067785669e-01
7.737227372484570820e-01
7.742958436153082324e-01
7.749638213507741291e-01
7.752939201903971123e-01
7.754246251319756311e-01
7.753791003456510511e-01
7.754491128949425605e-01
7.755587917366192352e-01
7.756156769626956216e-01
7.757804841212557756e-01
7.758883106646405903e-01
7.760469700512153679e-01
7.761262573249188002e-01
7.761350236675835790e-01
7.762786754993287186e-01
7.762982008745110685e-01
7.763154378881073070e-01
7.763269709295845811e-01
7.762972433964955288e-01
7.762100238358017323e-01
7.760803643731711832e-01
7.758222618313256325e-01
7.756880467212154961e-01
7.755146890410216098e-01
7.752609610684068064e-01
7.751183102767723598e-01
7.752971547211321424e-01
7.754895608303477017e-01
7.757185221397221442e-01
7.757976292721090461e-01
7.759887584904116009e-01
7.762249589111607229e-01
7.767346431248577376e-01
7.771769326298743064e-01
7.778529503081209606e-01
7.785230640399167790e-01
7.791306368281899486e-01
7.796488754835650958e-01
7.801947843994228027e-01
7.806842487323525370e-01
7.812619437815816470e-01
7.818229331311792318e-01
7.823237221861927271e-01
7.827927155407703452e-01
7.831653068784003580e-01
7.833606127388410556e-01
7.834913613934924026e-01
7.835963519891829820e-01
7.837566628829083504e-01
7.838508088651197081e-01
7.837996105292278637e-01
7.834958189718754795e-01
7.831532124951027241e-01
7.827887963361702672e-01
7.823901556631139842e-01
7.818237092700347501e-01
7.811448233158595489e-01
7.802869157703229419e-01
7.794309885106136537e-01
7.785972074973848134e-01
7.778474984336363196e-01
7.772278613307661566e-01
7.765840863775257397e-01
7.759570891352423061e-01
7.752110371211295980e-01
7.743952726906854211e-01
7.736608496094282694e-01
7.730631661753624151e-01
7.722434695541473548e-01
7.713051895012631443e-01
7.702769768304995601e-01
7.689632117084778118e-01
7.672679902374278660e-01
7.653185756587451705e-01
7.632004654041605329e-01
7.613317429547291626e-01
7.594668033906796234e-01
7.576461908597746930e-01
7.559273646092081744e-01
7.543842925892242368e-01
7.530266177449066456e-01
7.517114012798945533e-01
7.507406130508920139e-01
7.499096207234929867e-01
7.489994654391953777e-01
7.484067227928622446e-01
7.471749587406719684e-01
7.456784243942130574e-01
7.439425858689506788e-01
7.421772476199117730e-01
7.405364600328840918e-01
7.391664105880044744e-01
7.385581000103670357e-01
7.384778019835483986e-01
7.397977151783731165e-01
7.420513503412271561e-01
7.446265010181553068e-01
7.477841194737733233e-01
7.509157785967558452e-01
7.539074678449793065e-01
7.564128945462540443e-01
7.584408831940955276e-01
7.598624314791827539e-01
7.608345213499198012e-01
7.613531842353503665e-01
7.614286435699272326e-01
7.614554213852740006e-01
7.614974014026586469e-01
7.617558577517804519e-01
7.620993854475839324e-01
7.625803263613406546e-01
7.632412365309103608e-01
7.639060674925978178e-01
7.646127906372530703e-01
7.651445873486488747e-01
7.657697143927023609e-01
7.661326604188251066e-01
7.663826341941600839e-01
7.665823952774252215e-01
7.664809263807249584e-01
7.661763545400145370e-01
7.658944975558840129e-01
7.654998983458569661e-01
7.652103201979025826e-01
7.648735964836085310e-01
7.643445029592224049e-01
7.638238066831524176e-01
7.635185465937858185e-01
7.631551950187190902e-01
7.628105650094997303e-01
7.626627417381920404e-01
7.625828361096734787e-01
7.623993419121786186e-01
7.622199757553321797e-01
7.619800855874456769e-01
7.620479389700897110e-01
7.623782593177194089e-01
7.624978769578756310e-01
7.626110667613790195e-01
7.625247429312447256e-01
7.622001213464374425e-01
7.617915328675045616e-01
7.611467593587714076e-01
7.605825770411420716e-01
7.600137876546553262e-01
7.592883964076015957e-01
7.583107030292858264e-01
7.570820887491407358e-01
7.558894283458106322e-01
7.548839961471306426e-01
7.540756595572547516e-01
7.536088568961075707e-01
7.530356823317235770e-01
7.527094309674897676e-01
7.523196415767374745e-01
7.519197654499559791e-01
7.516410327819323944e-01
7.517088763104273763e-01
7.519498745269924678e-01
7.522386658285485916e-01
7.526077143730944830e-01
7.530491882402537973e-01
7.535955267525489276e-01
7.544737826166406647e-01
7.552916899862076594e-01
7.562455083392589650e-01
7.573848748556943900e-01
7.584971667634871073e-01
7.594119690760061658e-01
7.602548829232159688e-01
7.609069457040708029e-01
7.613874152523487648e-01
7.614969302648778582e-01
7.612530699073646323e-01
7.606329130970054253e-01
7.597931502330463882e-01
7.588122243343550233e-01
7.577464096537738225e-01
7.566989190681175925e-01
7.557379132520471998e-01
7.550494105890313001e-01
7.544534721543304512e-01
7.537902023340149471e-01
7.531705903658664214e-01
7.527119296444246821e-01
7.524427524612886664e-01
7.521784935739247446e-01
7.517631012280743263e-01
7.513756149277680541e-01
7.509896635356132499e-01
7.502939566434957408e-01
7.493247400140347070e-01
7.485550680723299655e-01
7.476780959831293982e-01
7.469874283972699480e-01
7.464181386743702351e-01
7.459891453998440669e-01
7.457246872732864462e-01
7.456377134760280301e-01
7.458232291764217425e-01
7.459606616471921026e-01
7.464417992726593010e-01
7.470245778716108065e-01
7.473085960413133888e-01
7.477159625261509124e-01
7.481056222913143872e-01
7.482987812298677044e-01
7.483039380724931799e-01
7.483646182314133144e-01
7.484368768265632355e-01
7.485246184747280651e-01
7.486261707427906975e-01
7.487990852696613242e-01
7.489349816768311463e-01
7.493169112006631272e-01
7.497710143574888297e-01
7.501223432521023637e-01
7.505217940304832469e-01
7.510786494017394066e-01
7.513334807070553012e-01
7.515370318149678930e-01
7.518471388316920745e-01
7.519908596744406815e-01
7.521584971701854583e-01
7.523827667634199745e-01
7.526274440712195091e-01
7.527146500197920975e-01
7.527702365952739783e-01
7.526499915814848229e-01
7.525694188478901925e-01
7.526743404038035434e-01
7.527481420991305461e-01
7.528425983836100066e-01
7.528699118353738839e-01
7.527339637966727892e-01
7.524262173631799389e-01
7.520870463548210427e-01
7.517947665426063519e-01
7.515645369430448142e-01
7.511873612055320892e-01
7.507884465524801154e-01
7.501791633785782620e-01
7.493298551819038700e-01
7.483673667407843011e-01
7.474492144450630704e-01
7.464071824140043887e-01
7.452346015947800550e-01
7.439976646855918085e-01
7.429447853510832145e-01
7.420751757033362539e-01
7.414944369834702842e-01
7.408973077602503121e-01
7.406605758151402208e-01
7.407252188826196626e-01
7.411038499321466189e-01
7.413978887674288476e-01
7.416358481835682026e-01
7.418124558446579364e-01
7.418701450472551251e-01
7.417161360236679268e-01
7.412636343068751410e-01
7.406254280214692454e-01
7.401500790570645361e-01
7.392183231246655106e-01
7.380341494705736638e-01
7.366222638261432643e-01
7.351174689051299671e-01
7.335762456053505076e-01
7.319522769445856447e-01
7.300115871702166359e-01
7.278888119647602961e-01
7.257739664247314648e-01
7.236336760300153825e-01
7.212168369625049369e-01
7.193664055231294707e-01
7.176040987703191654e-01
7.160461618766936764e-01
7.150034598523400398e-01
7.142906994509851115e-01
7.137768341262646921e-01
7.137164143312934028e-01
7.138550081363843614e-01
7.136792345502673829e-01
7.135553509931137350e-01
7.131392921859867062e-01
7.120893536186877482e-01
7.109095654985582158e-01
7.096560593810921080e-01
7.079022210651656488e-01
7.061786788056046982e-01
7.045049871008198794e-01
7.031373247836003593e-01
7.020762827717889065e-01
7.017259424323826211e-01
7.022826705161656635e-01
7.038282932899760924e-01
7.061419997123022929e-01
7.089805750504220017e-01
7.117565564789706256e-01
7.147488786490984181e-01
7.176617265394462652e-01
7.204298028553264288e-01
7.230755284721755993e-01
7.253148502826649580e-01
7.272935838518284068e-01
7.288670263535005356e-01
7.299504566186603149e-01
7.305408707793514811e-01
7.308069163297155058e-01
7.311947873176696255e-01
7.313817060811168558e-01
7.316325564001137094e-01
7.317050359805503668e-01
7.316140342517289952e-01
7.315491054653719960e-01
7.314300057399387711e-01
7.311724381518955873e-01
7.309307964110030031e-01
7.308226710399211568e-01
7.307952433271289738e-01
7.305264895230336730e-01
7.302260961010744733e-01
7.301078548772501620e-01
7.300348045044747769e-01
7.302239585766198138e-01
7.307343431619890417e-01
7.310337564828689461e-01
7.314519411449703634e-01
7.319002677736644591e-01
7.325508881141725714e-01
7.331083399896903829e-01
7.337477292227458925e-01
7.343949932537159331e-01
7.350153818838326414e-01
7.356013902401788984e-01
7.359425900163919509e-01
7.361113808862362884e-01
7.361442241518491025e-01
7.358670068782366958e-01
7.355728674825722235e-01
7.351603808338113000e-01
7.348933363601131141e-01
7.344258078979380988e-01
7.341395467159268495e-01
7.339841306670918941e-01
7.336953453888118704e-01
7.337610446377440532e-01
7.339987615489304007e-01
7.342294655415961824e-01
7.345522859495554613e-01
7.345282949836908770e-01
7.335616478224505910e-01
7.317331488061538103e-01
7.290307592592302210e-01
7.251109103270274581e-01
7.199130559784887584e-01
7.135056548877238836e-01
7.050727220517236660e-01
6.943308317828782439e-01
6.801853981840219054e-01
6.611853581939198810e-01
