8.092837864031930950e-01
8.110803553002432498e-01
8.144077961760015638e-01
8.184237260253729440e-01
8.226604908492677337e-01
8.269220419727967286e-01
8.310424559407529888e-01
8.349516927981913694e-01
8.385675879666095733e-01
8.419215603757330690e-01
8.450189851592613266e-01
8.477340251250944370e-01
8.493159507156001764e-01
8.504953079262049798e-01
8.517133626059530949e-01
8.529193015986271664e-01
8.541059835668297628e-01
8.552161607547607014e-01
8.562428546990501488e-01
8.571947742130894277e-01
8.580728078657808844e-01
8.588577521233293766e-01
8.595494644734541501e-01
8.601521794571177493e-01
8.606515159971798168e-01
8.610345361345962401e-01
8.613611587806973002e-01
8.616027827510892578e-01
8.617856928868954380e-01
8.619068123290316574e-01
8.619464154820188906e-01
8.618889206295615724e-01
8.617734820184479450e-01
8.616395547562228918e-01
8.614816773887927770e-01
8.612775837020030245e-01
8.610991356885289161e-01
8.608768130780830585e-01
8.606430247221742436e-01
8.604150893865245564e-01
8.601745976824538564e-01
8.599641232133764523e-01
8.597992729056171957e-01
8.596518983919029244e-01
8.594770565725849965e-01
8.593045648926420643e-01
8.591593814127572726e-01
8.589638493488498394e-01
8.587570339243063566e-01
8.585677749472443443e-01
8.583541819366938830e-01
8.581171244424323774e-01
8.578525872134112884e-01
8.575628871981164636e-01
8.572771281932323184e-01
8.569981133332758017e-01
8.567302356362397342e-01
8.564254902610428655e-01
8.561116080371821146e-01
8.558119177659724297e-01
8.554690063650379761e-01
8.550920870397767937e-01
8.546993000063908275e-01
8.543144768462804794e-01
8.539097891754671155e-01
8.534814443657390282e-01
8.530553054696560222e-01
8.526021695372238973e-01
8.521616710375902182e-01
8.517194434555773741e-01
8.512262818425249122e-01
8.507351831843907863e-01
8.501991389116854148e-01
8.496430596908096655e-01
8.490385769768844515e-01
8.483797136301852726e-01
8.476959850015672870e-01
8.469438609163659759e-01
8.460592596067578741e-01
8.450708178454215957e-01
8.439896490336246115e-01
8.429049918142340614e-01
8.418029931778761021e-01
8.407449106156911212e-01
8.396702019508983650e-01
8.386238959166123497e-01
8.375266964975406347e-01
8.365427259365179058e-01
8.355955529987786345e-01
8.347115510570117802e-01
8.339128653492435816e-01
8.332228341485939938e-01
8.325744247338419113e-01
8.319924182535144430e-01
8.313947113147419632e-01
8.308114027723932926e-01
8.302336056261001573e-01
8.297037598924015267e-01
8.290648165946575832e-01
8.283859214398932025e-01
8.274922763691815453e-01
8.262195545064542346e-01
8.245776138529669064e-01
8.225937265925766795e-01
8.199540722442414387e-01
8.164106093209986259e-01
8.122272926455267328e-01
8.067084060630945741e-01
8.002590152009353419e-01
7.932661366538709125e-01
7.857653248119663703e-01
7.785450389487525991e-01
7.713179004063293043e-01
7.643260350808928072e-01
7.576669351308896738e-01
7.520960631584372447e-01
7.489511662642615031e-01
7.464422397126396769e-01
7.460269736747390246e-01
7.470720493336736601e-01
7.486963299717446230e-01
7.503969987978920120e-01
7.524627108956287724e-01
7.557857246941789287e-01
7.592319949100346799e-01
7.629669683946573855e-01
7.671403836160972656e-01
7.713508617689849300e-01
7.757335270073323352e-01
7.796562283565418028e-01
7.834153237563359351e-01
7.870829055242952732e-01
7.905683385144243180e-01
7.932278682886227950e-01
7.949858822257416247e-01
7.962350421837879333e-01
7.970969242518393116e-01
7.974526123351878271e-01
7.974042629802975402e-01
7.970485948803637255e-01
7.964815812588375010e-01
7.956002409339847370e-01
7.944341855944752062e-01
7.930408623966316295e-01
7.915533080252195042e-01
7.900431736277816475e-01
7.885497276614823470e-01
7.871511711944275680e-01
7.858595648275279455e-01
7.847409644894031144e-01
7.836918166713391365e-01
7.827174851701894642e-01
7.815961875709236395e-01
7.803817870292746317e-01
7.793119340656967653e-01
7.781342102066889366e-01
7.770226083944364870e-01
7.758994087177671917e-01
7.745391026682711955e-01
7.732247361623062476e-01
7.718474573838522979e-01
7.704655196446643650e-01
7.691277472393206471e-01
7.679985867855414483e-01
7.670181750855082914e-01
7.658437028164727378e-01
7.646566018537956921e-01
7.633401758581712659e-01
7.621128023645924454e-01
7.612067738733813149e-01
7.601813675292629080e-01
7.592283787137228401e-01
7.583086442413522477e-01
7.573668006194705926e-01
7.564138429982079082e-01
7.555411099513288375e-01
7.550432675717894115e-01
7.547968162209679477e-01
7.547868939318498338e-01
7.551069702233487169e-01
7.554795754407280794e-01
7.561872484915022063e-01
7.571183767787315055e-01
7.583014365752940300e-01
7.597011241150558591e-01
7.613076680164668764e-01
7.627772941797046347e-01
7.643106007891222742e-01
7.659331263860966743e-01
7.674910922093555188e-01
7.686909909877891467e-01
7.696650541095537701e-01
7.704168778475909418e-01
7.709158659633396082e-01
7.712889279672767717e-01
7.715287504536936236e-01
7.716564134760482974e-01
7.715587041040968819e-01
7.711907697866015043e-01
7.705764530505465615e-01
7.699561271770262172e-01
7.693048716873492898e-01
7.685234968687177926e-01
7.677622702240151087e-01
7.669436071217534678e-01
7.657804425102885393e-01
7.643737813596044317e-01
7.626224650335472477e-01
7.607864997706225152e-01
7.587263360018308145e-01
7.566454107225232262e-01
7.543555785015652049e-01
7.520466261513847339e-01
7.499121676214793863e-01
7.475951169806747121e-01
7.454141508513116854e-01
7.438563411713099427e-01
7.428257884663990174e-01
7.422395237932980505e-01
7.419591088870660656e-01
7.422254823978980953e-01
7.427918219104849840e-01
7.437392937719963237e-01
7.449914127603871616e-01
7.464542761699525242e-01
7.481455682194204648e-01
7.498525425634694486e-01
7.512066751823883726e-01
7.524101192616912126e-01
7.535728685977840513e-01
7.546137998478602560e-01
7.553245107529945601e-01
7.559511592510436140e-01
7.563763031415206006e-01
7.564929645481672793e-01
7.562659427849435234e-01
7.558742940368607943e-01
7.552475345675063734e-01
7.543960118224435352e-01
7.532079598682055455e-01
7.515469344866081425e-01
7.496911539223373167e-01
7.476188307002030742e-01
7.451101733741449795e-01
7.418483133653254180e-01
7.381025275304310407e-01
7.339098825225087719e-01
7.294233352732387710e-01
7.248103213516650101e-01
7.199934082700869542e-01
7.151144546353205289e-01
7.104091577816431524e-01
7.057030190611297549e-01
7.011605186293630165e-01
6.971999738340162178e-01
6.939455175575521828e-01
6.915089767910512775e-01
6.900162789324503221e-01
6.895263719089261834e-01
6.899648986138481321e-01
6.914718744725568689e-01
6.939557810420570183e-01
6.971688982441557325e-01
7.011513310654616804e-01
7.053873185574773830e-01
7.096207228899035213e-01
7.140295934980661618e-01
7.183980837769473604e-01
7.225318196320044128e-01
7.264898066667450083e-01
7.301221497048295817e-01
7.333863625504815076e-01
7.364607560401668085e-01
7.392707012843369174e-01
7.416319205526866742e-01
7.438762924478352634e-01
7.456087591287262617e-01
7.464922521663316379e-01
7.463438218182767425e-01
7.453610728842191557e-01
7.434501358337649579e-01
7.409923570037341145e-01
7.376756492855844893e-01
7.338932971121443494e-01
7.296131592726554649e-01
7.252484166693599077e-01
7.209047960627921192e-01
7.172193756612623705e-01
7.140650323227328844e-01
7.116593015742479489e-01
7.095548410676921769e-01
7.074932809941527623e-01
7.056227665431898943e-01
7.043876994907021238e-01
7.032827942746010530e-01
7.029205907238652573e-01
7.029892688224126385e-01
7.036102546783619127e-01
7.041704897756795312e-01
7.051632643046759075e-01
7.068982862813437684e-01
7.095544737211455510e-01
7.134042186230068472e-01
7.179353290247406649e-01
7.225755345361573045e-01
7.273682745566850683e-01
7.316729308786636965e-01
7.356635498717801758e-01
7.391716729310544576e-01
7.422952914918985456e-01
7.448263628747966436e-01
7.462557606948694300e-01
7.467870886662621999e-01
7.464250635834785985e-01
7.456401946654827029e-01
7.447558166874678198e-01
7.437505456614249555e-01
7.425011039635519561e-01
7.408742770178108339e-01
7.385437828200895893e-01
7.355338637200261598e-01
7.318071842089871604e-01
7.275735345026214107e-01
7.228360215284564960e-01
7.181284384721149383e-01
7.134378492035738928e-01
7.086249996635011206e-01
7.040294956195427556e-01
6.997146772410509641e-01
6.960975127733256551e-01
6.934495655444884443e-01
6.919240120772072178e-01
6.914889811714004519e-01
6.918916429668301449e-01
6.932583266837665237e-01
6.955725319709354926e-01
6.986385950783874366e-01
7.025122995084764899e-01
7.076661749497740184e-01
7.133162370014447529e-01
7.189113107018098026e-01
7.242533202394974001e-01
7.290503353507682416e-01
7.331426328537378190e-01
7.364109421775885123e-01
7.388118556616590782e-01
7.401126644520952258e-01
7.407563090720650223e-01
7.405720926661923942e-01
7.395083724583825235e-01
7.380809071160953083e-01
7.366175122615482573e-01
7.351760134546877490e-01
7.337505786977902567e-01
7.325916304434063608e-01
7.318041449902900064e-01
7.311599171142266762e-01
7.309168195088974196e-01
7.310133064563908434e-01
7.315340852275532546e-01
7.323565831309207796e-01
7.334668050379073989e-01
7.344066685509201831e-01
7.353834680653889011e-01
7.364999284777784538e-01
7.372145447143904073e-01
7.377229157778674162e-01
7.380130126903009513e-01
7.379718329170078528e-01
7.378039126280939719e-01
7.373634371348094518e-01
7.363525853951019551e-01
7.351416700666140169e-01
7.338984357551092685e-01
7.326151015828999968e-01
7.314207055001558100e-01
7.302384819622926848e-01
7.290945890381068661e-01
7.279218894206481716e-01
7.268810565694191483e-01
7.259418061131186484e-01
7.251780636699329818e-01
7.249520084219610583e-01
7.249443057624697095e-01
7.251682996004956694e-01
7.256272996542043607e-01
7.259758617171027106e-01
7.261403813390072681e-01
7.260258194249364916e-01
7.259794412119114915e-01
7.258911232875775443e-01
7.259020670664875219e-01
7.259259680110529134e-01
7.260779657112698127e-01
7.260303992031913456e-01
7.254748329372217031e-01
7.242601233552842244e-01
7.224327297554969940e-01
7.194050624121446358e-01
7.154985738004615570e-01
7.105898816210018953e-01
7.051475092042730486e-01
6.992406046218323512e-01
6.930936440851649394e-01
6.868538034210497356e-01
6.808582400171084847e-01
6.759776818558029809e-01
6.722614633058995315e-01
6.694011901026005740e-01
6.680976640994260585e-01
6.678272286261354163e-01
6.681416295640328906e-01
6.685020595358406315e-01
6.687946013722879668e-01
6.688092835275726289e-01
6.686569072419241699e-01
6.687196034669261602e-01
6.690053407934748453e-01
6.696309286566786145e-01
6.707516202076040379e-01
6.721544708717105410e-01
6.740597734499069738e-01
6.765068012199763059e-01
6.794804466326839210e-01
6.827736555454222422e-01
6.862365232172277230e-01
6.897751380293636325e-01
6.933169595628062565e-01
6.964727646145276729e-01
6.993017561253346281e-01
7.018244428066567897e-01
7.036775042396148372e-01
7.048315298474338020e-01
7.054000908536243175e-01
7.054776387314993791e-01
7.053716562707714743e-01
7.051582001448569725e-01
7.050088731309761547e-01
7.048847501639020630e-01
7.049028069461996671e-01
7.051453887269927279e-01
7.056222149413097222e-01
7.067321970857847191e-01
7.084234693984189368e-01
7.105214834392206136e-01
7.129235183742927973e-01
7.151044753203480431e-01
7.171850367220609090e-01
7.190255628967441304e-01
7.200642212913547224e-01
7.203816102344886563e-01
7.197339101918175386e-01
7.182582548785023668e-01
7.157840563172854775e-01
7.126511961974673071e-01
7.091313044325842085e-01
7.052632623183370253e-01
7.014174111279573021e-01
6.974828048726668950e-01
6.936208988655552243e-01
6.904118050125770401e-01
6.877946067280070741e-01
6.861736891894528734e-01
6.854074750184547815e-01
6.853903934919257646e-01
6.858210803526098021e-01
6.866170775918735147e-01
6.878565685007346220e-01
6.896131943880144943e-01
6.919722679763802287e-01
6.945676263101496772e-01
6.968095669953940918e-01
6.987713165377572588e-01
7.001257593182120820e-01
7.014963590900086254e-01
7.029113682005532215e-01
7.046273507994772478e-01
7.066094264437471351e-01
7.085906880428538557e-01
7.104884900968254646e-01
7.120986936457623928e-01
7.137165773472100572e-01
7.158529124505980112e-01
7.183763968677908673e-01
7.210336494913411887e-01
7.235556972337847670e-01
7.257944961066694622e-01
7.274381133506485630e-01
7.285184026995347173e-01
7.293853686776156087e-01
7.300282805531508323e-01
7.306099068805418373e-01
7.309876033750791757e-01
7.309351360041214107e-01
7.305703472964503176e-01
7.301692945828546222e-01
7.295143694246695176e-01
7.285591284709040938e-01
7.272429211960158568e-01
7.253625273926679329e-01
7.229857134938818541e-01
7.200358774026390796e-01
7.165448549429468406e-01
7.124341477005525780e-01
7.078273715542205968e-01
7.024155129068628822e-01
6.965039890516324661e-01
6.902878896262899522e-01
6.839339026992248272e-01
6.776844192185518256e-01
6.715023893978880887e-01
6.652462097878826253e-01
6.588624245684183700e-01
6.520536543887731629e-01
6.453407136687943080e-01
6.392508833557839498e-01
6.342247855462226358e-01
6.300207579175564065e-01
6.264687048391118784e-01
6.233885328636907808e-01
6.209618126847572528e-01
6.192640766536519070e-01
6.187268910494845287e-01
6.196359211590701799e-01
6.221956699625468268e-01
6.255469196501579621e-01
6.290671576100677065e-01
6.327439267110591681e-01
6.365271383039143860e-01
6.403845416252879064e-01
6.439027133111320245e-01
6.469917015442364638e-01
6.492497836848961645e-01
6.502390247785794219e-01
6.495301260631738405e-01
6.470363538490788713e-01
6.436017084663724352e-01
6.394104766970736264e-01
6.343500964148826027e-01
6.284785550590901160e-01
6.225000592523562970e-01
6.168242238829958479e-01
6.112211751757818945e-01
6.065514870469806974e-01
6.026027552528557818e-01
5.994783346087856346e-01
5.971889398975663843e-01
5.958407859219643221e-01
5.957630164437549558e-01
5.971087369858821825e-01
6.001558606470590584e-01
6.044302691229238578e-01
6.095946961165267242e-01
6.156454090890574049e-01
6.221510191850372351e-01
6.295547194396163837e-01
6.374149589949684724e-01
6.459308647654706803e-01
6.543180163108422986e-01
6.622134163253216022e-01
6.693308150548588076e-01
6.753283311325084526e-01
6.806352501251415887e-01
6.853160833963698462e-01
6.896037860198342972e-01
6.931853037287155628e-01
6.957931379535341465e-01
6.976429612630364874e-01
6.985876290154994228e-01
6.990902576471691443e-01
6.993390706549938995e-01
6.992781791901349076e-01
6.992698546265490034e-01
6.995636231741861888e-01
6.999741994884948193e-01
7.004978780625814583e-01
7.014295564542771810e-01
7.025990213233936910e-01
7.038467003477153483e-01
7.052297253106487585e-01
7.062903353530670669e-01
7.071147847101617590e-01
7.080290662590384976e-01
7.091269275325828847e-01
7.098390021024122420e-01
7.104856111010249275e-01
7.112596995550699575e-01
7.119123316638175103e-01
7.124769826414975027e-01
7.130838365947793633e-01
7.134908984022725331e-01
7.139567896184029205e-01
7.144571594639076428e-01
7.147379757906028308e-01
7.146913808038807270e-01
7.146446914623800772e-01
7.146333041207771908e-01
7.143108166795343328e-01
7.139572245621451652e-01
7.136864513207545890e-01
7.136519475803615453e-01
7.137902307710183303e-01
7.137119170459801376e-01
7.134402488276166965e-01
7.130734111317880153e-01
7.125356985494788464e-01
7.118180652225993832e-01
7.111736933683842077e-01
7.108556956850169417e-01
7.105840208090811183e-01
7.102704679614979533e-01
7.103014058257215435e-01
7.104282375891536327e-01
7.111245421050803595e-01
7.123665187786969444e-01
7.140470303736096147e-01
7.158990772352225029e-01
7.178834195426639919e-01
7.197192951230707569e-01
7.212138911961845089e-01
7.229105280249713550e-01
7.245984618671973410e-01
7.260624062122332800e-01
7.272873942419896265e-01
7.281572083496783421e-01
7.286389447687816601e-01
7.290674917202711880e-01
7.293818899472057637e-01
7.295047868804374058e-01
7.294769194586214756e-01
7.292331106961518206e-01
7.284406743908744541e-01
7.270663461812569839e-01
7.250328339755583995e-01
7.223702877043262083e-01
7.191662872617838875e-01
7.154565184671946021e-01
7.114911276025827069e-01
7.073029025483201782e-01
7.032492490991477663e-01
6.993977326345579559e-01
6.957197419639437053e-01
6.921579028762068209e-01
6.885659281128643228e-01
6.856300559358693425e-01
6.830266111185628874e-01
6.808750754162500307e-01
6.791582278449832533e-01
6.779415688285539421e-01
6.771770797902976202e-01
6.767814481323349840e-01
6.766621087002154811e-01
6.769374789757711675e-01
6.777028137516812878e-01
6.789073313551541311e-01
6.798455383020337583e-01
6.804882708008856973e-01
6.806732437424798388e-01
6.802439856522803918e-01
6.793366705593929522e-01
6.773839603927611641e-01
6.749282284036447477e-01
6.722507434393161230e-01
6.692787089113745314e-01
6.662635023689477132e-01
6.636616110068598307e-01
6.617162604912897317e-01
6.607497705038456459e-01
6.608891702825123726e-01
6.621727365734720872e-01
6.640221307896202463e-01
6.669034591834093195e-01
6.702028609351117217e-01
6.741220666037910370e-01
6.785856924820873326e-01
6.829472140960864968e-01
6.871358876335877941e-01
6.911205148564149026e-01
6.951196202803343605e-01
6.988372275402492395e-01
7.020958674557213897e-01
7.053097169543286471e-01
7.086036825232752134e-01
7.121459253316567706e-01
7.153474529786275626e-01
7.181182787220121710e-01
7.207759305601455502e-01
7.229464288027748209e-01
7.247680379032450659e-01
7.257894171806962280e-01
7.262572691786914891e-01
7.261360344605103379e-01
7.253955595345669138e-01
7.241552034751114197e-01
7.225682721999081570e-01
7.208839404856559607e-01
7.193160295351282985e-01
7.174413867837629022e-01
7.155050856504509005e-01
7.135201833592034193e-01
7.114525689284337817e-01
7.090078298139755875e-01
7.062871054833780304e-01
7.034935605668466430e-01
7.003316580399706615e-01
6.969310225833168504e-01
6.934179388999404114e-01
6.898650308876153048e-01
6.865051292255386350e-01
6.836093058624002072e-01
6.809498099156047202e-01
6.785180913201077635e-01
6.767707631104112886e-01
6.754401140501602452e-01
6.744562722750039319e-01
6.741916558594313047e-01
6.740900569517765950e-01
6.742413729797903654e-01
6.743522963856872776e-01
6.750625928928525310e-01
6.753808719662280913e-01
6.752694541964333608e-01
6.719958932676523000e-01
6.659970561760548691e-01
6.582416119125932275e-01
6.459228584648082361e-01
6.289509654309890507e-01
6.105260266168551775e-01
5.923513240219611120e-01
5.752126542066033910e-01
5.597439923598409584e-01
5.468455672058059047e-01
5.362917917394020018e-01
5.341335388302018705e-01
5.362909661771808612e-01
5.417277519822921716e-01
5.525643064393183090e-01
5.663021548958044882e-01
5.818027740381048751e-01
5.985137221715794986e-01
6.139989045449627536e-01
6.285234555190548633e-01
6.423632586473566608e-01
6.547090897750220684e-01
6.628422366700348345e-01
6.698728170178727126e-01
6.760209953014343354e-01
6.808924624136072357e-01
6.857840320350715446e-01
6.907311727150188263e-01
6.957305983810343486e-01
7.004763676785419335e-01
7.040994917337233261e-01
7.063694614700988250e-01
7.073078108990414892e-01
7.075384386998214703e-01
7.068661420679644980e-01
7.058351082648343100e-01
7.047153565563464284e-01
7.035973163949825748e-01
7.025750428405693748e-01
7.021825282018590020e-01
7.020517023378700650e-01
7.028851776795556061e-01
7.041378417835375547e-01
7.059738819294849588e-01
7.080582081772970326e-01
7.103941829816216025e-01
7.125213049043619407e-01
7.145814476807385018e-01
7.162235768435769590e-01
7.174865415208340202e-01
7.181374486495573084e-01
7.184841677974396212e-01
7.181912730671240475e-01
7.174357461097933264e-01
7.163697565911048004e-01
7.149753104939337023e-01
7.132198523973261040e-01
7.111684583593689268e-01
7.086532620013635819e-01
7.061006336904261937e-01
7.033976868401403681e-01
7.008907399941214367e-01
6.984415426272467808e-01
6.967429923107976153e-01
6.955202060003710107e-01
6.943704135772335029e-01
6.939196561934323215e-01
6.936717222058597088e-01
6.939316413850019627e-01
6.949409459263534705e-01
6.962637608509291143e-01
6.977535877711474877e-01
6.991919453448907085e-01
7.003123072530219595e-01
7.009219133693095349e-01
7.014955595703318281e-01
7.020974793440941664e-01
7.027246058798403139e-01
7.035752075476269241e-01
7.044906007523601410e-01
7.052817959605387488e-01
7.059832548529787477e-01
7.067138104010478594e-01
7.077834121469050999e-01
7.090598643421093250e-01
7.103776153900879242e-01
7.116238255303396487e-01
7.127747279769830469e-01
7.136776976152242602e-01
7.142075844029622811e-01
7.141843696030771849e-01
7.140424759669889987e-01
7.134731607997935043e-01
7.125228456677727973e-01
7.111351088664785713e-01
7.095555223648424281e-01
7.079568177333956935e-01
7.060491026942298243e-01
7.041915058902749047e-01
7.022946087970958207e-01
7.001811076838737602e-01
6.982417750885312469e-01
6.960314394598268173e-01
6.939254229288152054e-01
6.920297022875904203e-01
6.902332499387109355e-01
6.886472613907259621e-01
6.870520419347049268e-01
6.859271781471512064e-01
6.848783453431975810e-01
6.839274297170232497e-01
6.835596862051541711e-01
6.831253281013709433e-01
6.828859712232576706e-01
6.830164948407106973e-01
6.832185149910330324e-01
6.835804361825056352e-01
6.841252073513994780e-01
6.848880351718596993e-01
6.858525821329065630e-01
6.869209971721675911e-01
6.879323277606756992e-01
6.885293258265935412e-01
6.890219669543516945e-01
6.892178664438785018e-01
6.890471901192892767e-01
6.887487810295790380e-01
6.885287844598020346e-01
6.884496323682148811e-01
6.887582337426252366e-01
6.891790620912631171e-01
6.897730050541104330e-01
6.905398496870515102e-01
6.918645245158010493e-01
6.936437386519478387e-01
6.955148828092709845e-01
6.972763749416017731e-01
6.989475430891805008e-01
7.002459925058076573e-01
7.014169337944465843e-01
7.020843691553291244e-01
7.023233811278769556e-01
7.023395700944360387e-01
7.023712937337738271e-01
7.019844229471857711e-01
7.016131675017760472e-01
7.013534925064950354e-01
7.013247517516254526e-01
7.010321067047255994e-01
7.005878693881889552e-01
6.996776743934008946e-01
6.987113808887567279e-01
6.973435772738588723e-01
6.960129629387319383e-01
6.945279188570615547e-01
6.929192909341782558e-01
6.910924189393486960e-01
6.890390866044214802e-01
6.868409331373823701e-01
6.850536773284300329e-01
6.838628235683508194e-01
6.833451321442485238e-01
6.832023806867670856e-01
6.836974162620808038e-01
6.844163917001346853e-01
6.855948173914721000e-01
6.873498983887205149e-01
6.895619654412237232e-01
6.920676147735848049e-01
6.946563440344097895e-01
6.972287804988072102e-01
6.993950233060347577e-01
7.011120393156029529e-01
7.024019657689408724e-01
7.032864522357109571e-01
7.034245962565136567e-01
7.026252334119826859e-01
7.011112529744186750e-01
6.987907719207091528e-01
6.957528185235501983e-01
6.921030144554044528e-01
6.880274309796675647e-01
6.834917829000343170e-01
6.787786130113818706e-01
6.736102033960201796e-01
6.681801540804945816e-01
6.631130029614483723e-01
6.581438390364425794e-01
6.534037777156933569e-01
6.487764388826703366e-01
6.448220716682327991e-01
6.419570353849561872e-01
6.398162093228635383e-01
6.389361377825787391e-01
6.391110532852323223e-01
6.405283378515443937e-01
6.425962584693550861e-01
6.452237917794728661e-01
6.481301381666737527e-01
6.510393616513774351e-01
6.537452799477585508e-01
6.546967985736658058e-01
6.528146511453010170e-01
6.494929519527772310e-01
6.449075560844447219e-01
6.400964897837201351e-01
6.349656473862644868e-01
6.302849810062700620e-01
6.260284415397389113e-01
6.225094487498272766e-01
6.196403220446318194e-01
6.179536705055777013e-01
6.183833669498146612e-01
6.210758873551006642e-01
6.249019758713615369e-01
6.293757776263100290e-01
6.338016502316919931e-01
6.381676568156057217e-01
6.425181282659840898e-01
6.466492819925186986e-01
6.504867362747124293e-01
6.540327427365000279e-01
6.568237523225918251e-01
6.582792757509463577e-01
6.592368124539537133e-01
6.602537365447743722e-01
6.609071648243858288e-01
6.612213717803321344e-01
6.614410620197840318e-01
6.610372727291298212e-01
6.600300680797126507e-01
6.588584138969151294e-01
6.575366850589223766e-01
6.559883958307163310e-01
6.547232056568997871e-01
6.533936799884730862e-01
6.521522109282101853e-01
6.507054357151944579e-01
6.493188273442589420e-01
6.476263693565493806e-01
6.461357627614825461e-01
6.448716445652357132e-01
6.436465696918604040e-01
6.428454840613896382e-01
6.424767378438974719e-01
6.428570164172463519e-01
6.438335197446020119e-01
6.456644010599644767e-01
6.490446099923005141e-01
6.534441040438269122e-01
6.587733050013427905e-01
6.642926453872535220e-01
6.696558083933437100e-01
6.748845583298614947e-01
6.799689531478610993e-01
6.845911297988270805e-01
6.883254799849880534e-01
6.909842878554032231e-01
6.922336327698933589e-01
6.918649844224888934e-01
6.907394697220207158e-01
6.890439945693935808e-01
6.868097876221723741e-01
6.847964468017039286e-01
6.831620541552942960e-01
6.810283051095183948e-01
6.791690800530825189e-01
6.774774677953518953e-01
6.754058632478184832e-01
6.727443823201630924e-01
6.697828161624977961e-01
6.660054543947657724e-01
6.614673744984680415e-01
6.563737500440977035e-01
6.496470312432318650e-01
6.407725956996188632e-01
6.302105236183652703e-01
6.156584372474185329e-01
